WTst 6 -6016 -4608 512 4.71 0.93
WTst 4 -5760 -4672 512 4.71 1.16
B008 0 -5344 -4512 512 5.25 0.97
WTst 3 -5504 -4608 512 4.71 1.17
WTst 5 -5760 -5120 512 4.71 1.12
WTst 2 -5248 -4672 512 4.71 1.11
WTst 3 -4928 -4736 512 4.71 1.19
WTst 1 -4800 -4672 512 4.71 1.02
WTst 7 -5120 -4928 512 4.71 0.9
WTst 6 -5312 -5056 512 4.71 0.8
WTst 3 -5568 -4992 512 4.71 0.88
WTst 8 -5440 -4864 512 4.71 1.01
WTst 8 -5696 -4864 512 4.71 1.14
WTst 5 -5888 -4864 512 4.71 1.01
WTst 7 -5760 -3584 512 4.71 1.13
WTst 6 -5888 -3648 512 4.71 0.99
WTst 5 -5760 -3840 512 4.71 0.82
WTst 6 -5568 -3840 512 4.71 1.14
WTst 9 -5312 -3840 512 4.71 0.9
WTst 4 -4928 -3712 512 4.71 0.92
WTst 4 -4928 -3840 512 4.71 0.87
WTst 3 -5184 -3840 512 4.71 0.91
WTst 8 -5440 -3776 512 4.71 0.87
WTst 0 -6016 -3712 512 4.71 1.13
B6BD 3 -5024 -3808 512 1.24 1.1
B008 0 -5728 -4000 512 5.25 0.97
B008 0 -5856 -4000 512 5.25 0.97
B008 0 -5600 -4000 512 5.25 0.97
B008 0 -5984 -4000 512 5.25 0.97
B008 0 -5472 -4000 512 5.25 0.97
B008 0 -5984 -4512 512 5.25 0.97
B008 0 -5600 -4512 512 5.25 0.97
B008 0 -5728 -4512 512 5.25 0.97
B008 0 -5472 -4512 512 5.25 0.97
B008 0 -5856 -4512 512 5.25 0.97
B008 0 -4704 -4512 512 5.25 0.97
B008 0 -4960 -4512 512 5.25 0.97
B008 0 -5088 -4512 512 5.25 0.97
B008 0 -4832 -4512 512 5.25 0.97
B008 0 -5216 -4512 512 5.25 0.97
B008 0 -5216 -4000 512 5.25 0.97
B008 0 -5344 -4000 512 5.25 0.97
B008 0 -5088 -4000 512 5.25 0.97
B008 0 -4960 -4000 512 5.25 0.97
B008 0 -4832 -4000 512 5.25 0.97
B008 0 -4704 -4000 512 5.25 0.97
B60T 6 -5152 -4064 512 0.86 0.69
B60T 1 -5152 -4128 512 0.28 1.21
B60T 5 -5152 -4192 512 5.85 0.9
B60T 1 -5152 -4256 512 1.76 1.35
B60T 7 -5152 -4320 512 3.7 1.14
B60T 0 -5152 -4384 512 5.22 0.95
B60T 0 -5152 -4448 512 6.27 0.55
B04Y 0 -5312 -3776 512 6.25 1.08
B04Y 0 -4928 -4672 512 2.29 1.14
WTst 8 -5952 -5568 512 4.71 0.9
WTst 5 -5888 -5120 512 4.71 1.08
WTst 9 -6080 -5120 512 4.71 0.92
WTst 6 -5504 -5504 512 4.71 1.03
WTst 8 -5248 -5504 512 4.71 0.82
WTst 1 -4992 -5504 512 4.71 0.94
WTst 1 -5312 -5312 512 4.71 1.09
WTst 0 -5888 -3520 512 4.71 0.92
WTst 1 -5824 -3264 512 4.71 0.81
WTst 2 -5120 -3200 512 4.71 0.95
WTst 4 -5120 -3008 512 4.71 1.03
WTst 6 -5376 -3008 512 4.71 1.16
B69H 1 -5952 -3776 512 4.15 1.03
B69H 2 -5760 -3712 512 4.73 1.35
B69H 2 -5632 -3712 512 3.75 0.68
B69H 0 -5504 -3776 512 3.05 0.68
B69H 0 -5120 -3840 512 1.68 1.09
B69H 3 -4928 -3840 512 2.74 1.31
B69H 3 -4864 -3840 512 1.15 0.68
B69H 0 -4864 -3904 512 0.58 0.62
B69H 3 -4864 -4608 512 2.67 0.57
B69H 0 -5312 -4608 512 4.92 1.12
B69H 0 -5568 -4672 512 5.46 1.44
B014 5 -6016 -4608 512 3.63 0.59
B014 1 -5568 -3712 512 2.09 1.07
B014 7 -5376 -3776 512 5.88 0.74
B014 5 -5248 -4736 512 2.48 1.06
B014 6 -4928 -4608 512 1.24 1.27
B014 5 -5248 -3776 512 1.22 0.8
B014 0 -5056 -3904 512 5.74 0.98
B6A2 0 -5888 -4608 512 2.06 0.26
B6A2 0 -5952 -3840 512 2.64 0.49
B008 0 -6112 -4000 512 5.25 0.97
B008 0 -6112 -4512 512 5.25 0.97
WTst 1 -4288 -4800 512 4.71 0.89
WTst 9 -4096 -4800 512 4.71 0.89
WTst 8 -3840 -4672 512 4.71 0.98
WTst 0 -4096 -4608 512 4.71 0.93
WTst 1 -3968 -5056 512 4.71 1.1
WTst 4 -3520 -5120 512 4.71 1.18
WTst 4 -3392 -4992 512 4.71 1.15
WTst 5 -3392 -4864 512 4.71 0.86
WTst 3 -3904 -4864 512 4.71 1.07
WTst 9 -4160 -4992 512 4.71 0.8
WTst 0 -4032 -5184 512 4.71 1.07
WTst 0 -3584 -5312 512 4.71 1.11
WTst 8 -3392 -5248 512 4.71 1.04
WTst 1 -3584 -4992 512 4.71 1.09
WTst 6 -4288 -5120 512 4.71 0.82
WTst 8 -4032 -5440 512 4.71 0.81
WTst 8 -3648 -5568 512 4.71 1.05
WTst 4 -3520 -5440 512 4.71 1.19
WTst 7 -3712 -5184 512 4.71 0.89
WTst 1 -4096 -5312 512 4.71 1.05
WTst 9 -4160 -5568 512 4.71 0.95
WTst 0 -3648 -5696 512 4.71 1.08
WTst 5 -3392 -5632 512 4.71 1.02
WTst 8 -3904 -5376 512 4.71 0.82
WTst 7 -3840 -5568 512 4.71 0.93
WTst 2 -3840 -5248 512 4.71 0.9
WTst 8 -3712 -5440 512 4.71 0.92
WTst 9 -3776 -5056 512 4.71 0.9
WTst 9 -3648 -4864 512 4.71 1.18
WTst 8 -3392 -5120 512 4.71 1.02
WTst 3 -3072 -5568 512 4.71 0.92
WTst 8 -3008 -5376 512 4.71 1.01
WTst 6 -3200 -5312 512 4.71 1.1
WTst 0 -3392 -5504 512 4.71 1.16
WTst 1 -3200 -5696 512 4.71 0.84
WTst 3 -2880 -5632 512 4.71 1.19
WTst 3 -2880 -5504 512 4.71 1.04
WTst 5 -3264 -5568 512 4.71 1.14
WTst 2 -3008 -5696 512 4.71 0.96
WTst 6 -2752 -5632 512 4.71 0.87
WTst 8 -2752 -5504 512 4.71 1.02
WTst 2 -2560 -5440 512 4.71 0.9
WTst 4 -2560 -5568 512 4.71 1.17
WTst 7 -2304 -5568 512 4.71 1.14
WTst 0 -2176 -5504 512 4.71 0.94
WTst 2 -2304 -5440 512 4.71 0.83
WTst 8 -2624 -5696 512 4.71 0.95
WTst 9 -2240 -5760 512 4.71 0.85
WTst 1 -2112 -5632 512 4.71 1.06
WTst 7 -2432 -5824 512 4.71 1.1
WTst 0 -1920 -5760 512 4.71 0.81
WTst 1 -1792 -5632 512 4.71 0.87
WTst 8 -1984 -5568 512 4.71 1.14
WTst 5 -1856 -5504 512 4.71 1.13
WTst 9 -2048 -5440 512 4.71 0.88
WTst 2 -2560 -5312 512 4.71 0.82
WTst 0 -2688 -5248 512 4.71 0.88
WTst 8 -3072 -5184 512 4.71 1.04
WTst 4 -2880 -5312 512 4.71 0.96
WTst 3 -2944 -5120 512 4.71 1.01
WTst 7 -3200 -4992 512 4.71 1.09
WTst 1 -3264 -5440 512 4.71 1.14
WTst 0 -3136 -5440 512 4.71 1.17
WTst 8 -1472 -5376 512 4.71 0.84
WTst 4 -1856 -5312 512 4.71 1.01
WTst 6 -1344 -5632 512 4.71 1.17
WTst 6 -1216 -5504 512 4.71 1.15
WTst 4 -1664 -5504 512 4.71 0.87
WTst 0 -1472 -5696 512 4.71 1.2
WTst 9 -1088 -5632 512 4.71 1.07
WTst 0 -1088 -5504 512 4.71 0.84
WTst 6 -1664 -5696 512 4.71 0.82
WTst 2 -1664 -5376 512 4.71 0.91
WTst 8 -1984 -5312 512 4.71 1.07
WTst 3 -2304 -5248 512 4.71 1.16
WTst 4 -1280 -5312 512 4.71 0.9
WTst 7 -2432 -5184 512 4.71 0.81
WTst 0 -2176 -5312 512 4.71 1.17
WTst 3 -1088 -5376 512 4.71 0.95
WTst 2 -896 -5376 512 4.71 0.9
WTst 7 -448 -5312 512 4.71 1.19
WTst 5 -640 -5312 512 4.71 1.03
WTst 4 -320 -5248 512 4.71 0.84
WTst 5 -832 -5504 512 4.71 0.83
WTst 1 -576 -5440 512 4.71 1.13
WTst 0 -192 -5184 512 4.71 1.14
WTst 3 -704 -5568 512 4.71 1.08
WTst 9 -960 -5568 512 4.71 0.96
WTst 1 -256 -5440 512 4.71 1.03
WTst 1 -832 -5632 512 4.71 0.95
WTst 1 -5056 -2752 512 4.71 1.15
WTst 7 -5376 -2624 512 4.71 1.11
WTst 3 -5440 -2496 512 4.71 1.08
WTst 5 -5312 -2432 512 4.71 0.89
WTst 8 -5184 -2432 512 4.71 0.99
WTst 9 -5312 -2304 512 4.71 0.83
WTst 8 -4992 -2240 512 4.71 0.87
WTst 4 -5312 -2176 512 4.71 0.87
WTst 2 -5312 -1984 512 4.71 1.03
WTst 9 -4928 -1920 512 4.71 1.14
WTst 9 -5184 -1792 512 4.71 1.15
WTst 5 -5056 -1664 512 4.71 0.9
WTst 2 -5248 -1664 512 4.71 1.02
WTst 8 -5760 -1664 512 4.71 1.12
WTst 4 -5312 -1536 512 4.71 0.98
WTst 0 -5184 -1536 512 4.71 1.06
WTst 7 -5440 -1536 512 4.71 1.1
WTst 2 -5696 -1536 512 4.71 1.08
WTst 8 -5568 -1472 512 4.71 1.01
WTst 3 -5312 -1408 512 4.71 0.83
WTst 2 -5760 -1344 512 4.71 0.82
WTst 7 -5632 -1216 512 4.71 0.8
WTst 2 -5440 -1088 512 4.71 1.03
WTst 6 -5568 -1088 512 4.71 0.91
WTst 4 -5824 -1024 512 4.71 0.97
WTst 1 -5760 -896 512 4.71 0.89
WTst 6 -5952 -896 512 4.71 0.99
WTst 6 -5760 -704 512 4.71 1.17
WTst 5 -5632 -640 512 4.71 0.88
WTst 3 -5760 -576 512 4.71 0.95
WTst 5 -5632 -512 512 4.71 1.08
WTst 4 -5568 -320 512 4.71 1.06
WTst 4 -5760 -320 512 4.71 0.84
WTst 9 -5696 -192 512 4.71 1.09
WTst 3 -6016 -192 512 4.71 1.01
WTst 6 -5696 64 512 4.71 0.96
WTst 7 -5824 64 512 4.71 1.01
WTst 6 -5952 64 512 4.71 0.86
WTst 5 -5888 192 512 4.71 0.84
WTst 0 -5760 256 512 4.71 1.1
WTst 2 -5952 320 512 4.71 0.98
WTst 8 -5760 512 512 4.71 1.16
WTst 2 -5952 576 512 4.71 0.99
WTst 5 -5888 704 512 4.71 1.09
WTst 4 -5888 832 512 4.71 1.2
WTst 2 -5760 960 512 4.71 1.08
WTst 5 -5888 960 512 4.71 1.19
WTst 1 -5696 1152 512 4.71 0.94
WTst 8 -5504 1216 512 4.71 1.04
WTst 2 -5760 1408 512 4.71 1.11
WTst 3 -5568 1344 512 4.71 1.02
WTst 0 -5696 1536 512 4.71 0.98
WTst 6 -5888 1792 512 4.71 0.99
WTst 8 -5696 1728 512 4.71 0.9
WTst 4 -5696 1856 512 4.71 1.09
WTst 9 -5760 2048 512 4.71 1.03
WTst 4 -5504 1792 512 4.71 0.84
WTst 8 -5568 2112 512 4.71 0.86
WTst 1 -5504 1920 512 4.71 1.08
WTst 1 -5440 2304 512 4.71 1.12
WTst 7 -5248 2304 512 4.71 0.82
WTst 4 -5248 2432 512 4.71 0.98
WTst 5 -5376 2496 512 4.71 0.85
WTst 7 -5184 2560 512 4.71 1.05
WTst 2 -5376 2688 512 4.71 0.94
WTst 6 -5568 2624 512 4.71 1.1
WTst 9 -5248 2752 512 4.71 0.98
WTst 0 -5504 2816 512 4.71 1.08
WTst 8 -5696 2752 512 4.71 1.14
WTst 5 -5696 2624 512 4.71 1.02
WTst 0 -5568 2496 512 4.71 1.14
WTst 4 -5696 2304 512 4.71 1.04
WTst 5 -5568 2304 512 4.71 1.16
WTst 7 -5120 2304 512 4.71 1.12
WTst 5 -5056 2496 512 4.71 0.89
WTst 8 -4928 2688 512 4.71 0.97
WTst 3 -4800 2816 512 4.71 1.03
WTst 2 -5056 2944 512 4.71 0.88
WTst 7 -5184 2944 512 4.71 1.1
WTst 2 -5312 2944 512 4.71 0.93
WTst 4 -5440 3008 512 4.71 0.86
WTst 3 -5632 3008 512 4.71 1.0
WTst 4 -3264 1920 512 4.71 1.03
WTst 3 -3136 1792 512 4.71 1.09
WTst 5 -2816 1856 512 4.71 1.01
WTst 8 -2688 1920 512 4.71 1.09
WTst 3 -2816 1984 512 4.71 1.09
WTst 5 -3392 1664 512 4.71 1.0
WTst 5 -3136 1472 512 4.71 1.12
WTst 0 -2688 1472 512 4.71 1.17
WTst 7 -2496 1664 512 4.71 1.12
WTst 2 -2560 1792 512 4.71 1.15
WTst 1 -2944 1856 512 4.71 0.95
WTst 1 -3136 1664 512 4.71 0.95
WTst 5 -3008 1472 512 4.71 0.93
WTst 4 -2880 1664 512 4.71 1.17
WTst 9 -2560 1536 512 4.71 1.17
WTst 9 -2624 1664 512 4.71 1.06
WTst 1 -2816 1472 512 4.71 0.88
WTst 6 -3072 1280 512 4.71 1.2
WTst 7 -3456 1472 512 4.71 1.02
WTst 0 -3136 1152 512 4.71 1.07
WTst 1 -3264 1152 512 4.71 1.1
WTst 8 -3456 1344 512 4.71 1.06
WTst 2 -3328 1536 512 4.71 1.02
WTst 6 -3456 1088 512 4.71 1.15
WTst 5 -3712 1216 512 4.71 0.87
WTst 5 -3840 1408 512 4.71 0.94
WTst 1 -3648 1408 512 4.71 0.85
WTst 6 -3584 1216 512 4.71 0.81
WTst 0 -3776 1024 512 4.71 1.11
WTst 9 -3904 1088 512 4.71 1.04
WTst 2 -3904 1216 512 4.71 0.84
WTst 2 -3520 896 512 4.71 0.98
WTst 5 -3712 832 512 4.71 1.1
WTst 6 -3264 896 512 4.71 1.15
WTst 1 -3392 768 512 4.71 1.02
WTst 5 -3200 1280 512 4.71 0.94
WTst 3 -2816 1024 512 4.71 1.19
WTst 4 -3072 704 512 4.71 1.18
WTst 2 -2560 896 512 4.71 0.84
WTst 3 -2944 512 512 4.71 0.83
WTst 9 -3200 512 512 4.71 1.05
WTst 9 -3264 768 512 4.71 1.11
WTst 7 -2944 1216 512 4.71 1.11
WTst 7 -2752 1216 512 4.71 1.13
WTst 7 -3136 832 512 4.71 1.13
WTst 7 -2816 1344 512 4.71 1.18
WTst 7 -3584 640 512 4.71 1.19
WTst 7 -3776 704 512 4.71 1.09
WTst 4 -3968 768 512 4.71 0.9
WTst 4 -4096 896 512 4.71 0.95
WTst 4 -4096 768 512 4.71 0.85
WTst 9 -3840 448 512 4.71 1.13
WTst 9 -3584 512 512 4.71 0.92
WTst 3 -3712 256 512 4.71 1.07
WTst 7 -3392 -128 512 4.71 1.18
WTst 2 -3328 0 512 4.71 1.19
WTst 9 -3648 128 512 4.71 0.84
WTst 8 -3904 64 512 4.71 1.12
WTst 9 -3776 64 512 4.71 1.15
WTst 0 -3968 384 512 4.71 1.16
WTst 8 -3648 -128 512 4.71 0.9
WTst 2 -3520 128 512 4.71 1.19
WTst 3 -3968 576 512 4.71 0.84
WTst 2 -4032 256 512 4.71 1.08
WTst 3 -3136 384 512 4.71 1.12
WTst 2 -3200 640 512 4.71 0.85
WTst 7 -3648 384 512 4.71 0.9
WTst 6 -3712 -256 512 4.71 1.19
WTst 8 -3456 -576 512 4.71 0.82
WTst 7 -3072 -448 512 4.71 0.99
WTst 7 -3136 0 512 4.71 1.01
WTst 5 -3520 256 512 4.71 1.1
WTst 9 -3328 -640 512 4.71 1.12
WTst 9 -3200 -576 512 4.71 0.99
WTst 9 -3328 384 512 4.71 0.85
WTst 7 -3328 192 512 4.71 1.04
WTst 6 -3328 -512 512 4.71 0.95
WTst 6 -3264 -768 512 4.71 1.15
WTst 6 -3456 -1088 512 4.71 1.04
WTst 4 -3264 -1344 512 4.71 1.14
WTst 8 -3136 -1408 512 4.71 1.09
WTst 5 -3136 -1280 512 4.71 0.88
WTst 5 -3200 -1024 512 4.71 1.01
WTst 8 -3392 -1792 512 4.71 0.97
WTst 0 -3328 -1920 512 4.71 0.87
WTst 7 -3200 -1792 512 4.71 0.86
WTst 0 -3200 -1600 512 4.71 1.02
WTst 8 -3392 -1600 512 4.71 0.97
WTst 9 -3456 -2048 512 4.71 0.95
WTst 2 -3456 -2176 512 4.71 0.93
WTst 4 -3392 -2624 512 4.71 1.0
WTst 3 -3520 -2944 512 4.71 1.03
WTst 4 -3584 -3136 512 4.71 0.98
WTst 4 -3520 -2624 512 4.71 0.81
WTst 4 -3520 -2432 512 4.71 1.07
WTst 0 -3584 -3968 512 4.71 1.14
WTst 4 -3584 -4160 512 4.71 1.1
WTst 2 -3584 -3712 512 4.71 0.83
WTst 0 -3584 -3456 512 4.71 1.01
WTst 6 -3456 -4288 512 4.71 0.86
WTst 7 -3456 -4096 512 4.71 0.86
WTst 7 -3392 -4736 512 4.71 1.16
WTst 0 -3456 -4416 512 4.71 0.89
WTst 8 -3584 -4352 512 4.71 0.99
WTst 6 -3584 -4544 512 4.71 1.06
WTst 0 -3584 -4672 512 4.71 1.07
B050 0 5760 1920 512 4.71 1.5
B011 0 4864 -1280 512 2.13 2.0
B011 0 -4736 3584 512 4.73 2.0
WTst 1 -3520 -384 512 4.71 1.0
WTst 3 -3456 -832 512 4.71 0.94
WTst 8 -3392 -960 512 4.71 0.96
WTst 7 -3328 -1152 512 4.71 0.83
WTst 7 -3328 -2048 512 4.71 0.88
WTst 9 -3328 -2176 512 4.71 1.09
WTst 5 -3392 -2304 512 4.71 0.88
WTst 7 -3392 -2432 512 4.71 1.19
WTst 2 -1024 -1280 512 4.71 0.92
WTst 7 -832 -1216 512 4.71 0.91
WTst 0 -704 -512 512 4.71 1.17
WTst 6 -768 -256 512 4.71 1.16
WTst 1 -1024 -384 512 4.71 1.19
WTst 6 -1152 -960 512 4.71 1.16
WTst 0 -960 -1088 512 4.71 0.96
WTst 8 -576 -832 512 4.71 0.96
WTst 9 -512 -512 512 4.71 0.83
WTst 5 -1088 -1088 512 4.71 0.97
WTst 7 -832 -512 512 4.71 0.86
WTst 0 -1088 -704 512 4.71 0.89
WTst 9 -576 -128 512 4.71 1.11
WTst 7 -384 448 512 4.71 1.13
WTst 4 -384 640 512 4.71 0.81
WTst 6 -704 576 512 4.71 1.1
WTst 0 -768 320 512 4.71 0.93
WTst 7 -640 192 512 4.71 0.97
WTst 9 -512 256 512 4.71 0.83
WTst 9 -512 704 512 4.71 0.93
WTst 1 -576 896 512 4.71 1.03
WTst 0 -832 768 512 4.71 1.16
WTst 5 -896 256 512 4.71 1.0
WTst 9 -256 1152 512 4.71 1.19
WTst 4 -512 448 512 4.71 1.08
WTst 5 -384 1536 512 4.71 0.82
WTst 0 -448 1664 512 4.71 1.02
WTst 1 -512 2048 512 4.71 0.83
WTst 3 -256 1472 512 4.71 0.84
WTst 6 -192 1728 512 4.71 0.96
WTst 6 -320 2304 512 4.71 0.88
WTst 7 -448 2432 512 4.71 1.14
WTst 1 -448 1792 512 4.71 0.99
WTst 5 -320 1856 512 4.71 0.98
WTst 9 -576 2688 512 4.71 0.95
WTst 0 -704 2432 512 4.71 1.07
WTst 8 -512 3008 512 4.71 0.91
WTst 8 -640 3136 512 4.71 1.09
WTst 5 -640 2944 512 4.71 1.12
WTst 5 -448 2880 512 4.71 0.89
WTst 0 -384 3008 512 4.71 1.08
WTst 6 -512 3456 512 4.71 0.96
WTst 8 -896 3712 512 4.71 1.16
WTst 3 -960 3456 512 4.71 1.14
WTst 3 -512 3264 512 4.71 0.83
WTst 8 -256 3264 512 4.71 1.09
WTst 8 -256 3456 512 4.71 0.87
WTst 9 -960 3584 512 4.71 1.04
WTst 1 -1216 3456 512 4.71 0.8
WTst 2 -896 3328 512 4.71 1.12
WTst 9 -832 3456 512 4.71 0.91
WTst 5 -1088 3648 512 4.71 1.06
WTst 4 -1344 3776 512 4.71 0.86
WTst 0 -1792 3840 512 4.71 0.9
WTst 6 -1984 3840 512 4.71 0.86
WTst 3 -1792 3712 512 4.71 1.12
WTst 5 -1664 3712 512 4.71 1.18
WTst 1 -1984 3712 512 4.71 0.86
WTst 7 -2176 3648 512 4.71 1.02
WTst 8 -3072 3648 512 4.71 0.82
WTst 0 -2688 3648 512 4.71 0.98
WTst 1 -2432 3648 512 4.71 1.15
WTst 5 -3648 3520 512 4.71 0.81
WTst 6 -4032 3392 512 4.71 0.95
WTst 1 -4288 3136 512 4.71 0.96
WTst 8 -4480 3008 512 4.71 0.89
WTst 5 -4864 4800 512 4.71 0.96
WTst 9 -4736 4928 512 4.71 1.02
WTst 2 -4672 5120 512 4.71 1.03
WTst 9 -4864 5248 512 4.71 0.82
WTst 6 -4992 5248 512 4.71 0.85
WTst 0 -4928 5056 512 4.71 1.12
WTst 9 -4480 5120 512 4.71 1.06
WTst 6 -4352 5312 512 4.71 1.03
WTst 4 -4160 5184 512 4.71 0.97
WTst 5 -3456 5440 512 4.71 0.82
WTst 1 -3136 5440 512 4.71 0.97
WTst 2 -2944 5440 512 4.71 0.81
WTst 2 -2496 5440 512 4.71 0.87
WTst 4 -3776 5312 512 4.71 0.97
WTst 9 -4032 5376 512 4.71 1.01
WTst 5 512 5440 512 4.71 1.15
WTst 0 896 5312 512 4.71 0.96
WTst 0 1344 5248 512 4.71 1.1
WTst 3 1600 5056 512 4.71 1.03
WTst 0 448 5888 512 4.71 1.19
WTst 9 -320 5824 512 4.71 1.1
WTst 4 -960 5824 512 4.71 0.85
WTst 2 -1344 5824 512 4.71 0.93
WTst 0 -1600 6016 512 4.71 0.98
WTst 8 -1920 5824 512 4.71 0.88
WTst 5 -2304 5888 512 4.71 1.18
WTst 9 -2624 5952 512 4.71 1.2
WTst 8 -3456 5824 512 4.71 0.99
WTst 4 -3904 5888 512 4.71 0.84
WTst 6 -3200 5888 512 4.71 0.87
WTst 8 -2944 5824 512 4.71 0.91
WTst 6 -4096 5888 512 4.71 0.89
WTst 0 -4288 5952 512 4.71 1.02
WTst 2 -4544 5952 512 4.71 1.05
WTst 2 -4672 5952 512 4.71 1.15
WTst 2 -4928 5952 512 4.71 0.88
WTst 9 -5056 6016 512 4.71 1.09
WTst 3 -5184 6080 512 4.71 1.0
WTst 3 -5376 6080 512 4.71 0.88
WTst 5 -5696 6016 512 4.71 0.99
WTst 7 -5888 5760 512 4.71 1.01
WTst 3 -6016 5824 512 4.71 0.95
WTst 8 -6016 5120 512 4.71 1.14
WTst 9 -6080 4864 512 4.71 0.88
WTst 3 -5888 4992 512 4.71 0.9
WTst 9 -6016 4672 512 4.71 1.04
WTst 5 -5952 4544 512 4.71 0.92
WTst 7 -6016 5312 512 4.71 1.1
WTst 9 -6016 5504 512 4.71 0.93
WTst 3 -6080 4544 512 4.71 1.01
WTst 0 -6016 4352 512 4.71 0.95
WTst 9 -5888 4224 512 4.71 1.12
WTst 0 -5888 4096 512 4.71 0.81
WTst 6 -5952 3968 512 4.71 0.86
WTst 3 -5888 3712 512 4.71 1.12
WTst 3 -5952 3520 512 4.71 1.13
WTst 8 -5888 3392 512 4.71 1.18
WTst 2 -5888 3264 512 4.71 1.08
WTst 3 -5888 3136 512 4.71 1.03
WTst 6 -5760 3072 512 4.71 0.83
WTst 3 -5120 4352 512 4.71 0.84
WTst 3 -5056 4608 512 4.71 0.88
WTst 8 -5056 4864 512 4.71 0.83
WTst 7 -5120 4992 512 4.71 1.07
WTst 0 -704 -1216 512 4.71 1.08
WTst 4 -704 -1408 512 4.71 1.11
WTst 7 -448 -1600 512 4.71 0.91
WTst 4 -256 -1472 512 4.71 0.81
WTst 2 -448 -1216 512 4.71 0.98
WTst 7 -960 -1728 512 4.71 0.89
WTst 7 -960 -1920 512 4.71 1.0
WTst 3 -768 -1920 512 4.71 1.14
WTst 5 -512 -1472 512 4.71 1.13
WTst 4 -1024 -1600 512 4.71 1.05
WTst 0 -1216 -2048 512 4.71 0.84
WTst 2 -1024 -2112 512 4.71 0.91
WTst 7 -768 -1728 512 4.71 0.88
WTst 6 -832 -1408 512 4.71 0.97
WTst 7 -832 -2112 512 4.71 1.12
WTst 9 -640 -1728 512 4.71 0.97
WTst 6 -1152 -1728 512 4.71 1.0
WTst 4 -1216 -2304 512 4.71 1.0
WTst 0 -1088 -2368 512 4.71 1.11
WTst 8 -1024 -1408 512 4.71 0.96
WTst 3 -1536 -2112 512 4.71 0.83
WTst 0 -1536 -2688 512 4.71 0.84
WTst 4 -1344 -2816 512 4.71 0.92
WTst 9 -896 -1600 512 4.71 1.11
WTst 8 -1216 -2688 512 4.71 1.06
WTst 6 -1152 -2176 512 4.71 1.16
WTst 0 -1344 -2368 512 4.71 0.94
WTst 0 -1408 -2624 512 4.71 1.18
WTst 0 -896 -2304 512 4.71 1.14
WTst 9 -1024 -2688 512 4.71 0.86
WTst 4 -1216 -3136 512 4.71 0.94
WTst 2 -1344 -3264 512 4.71 1.12
WTst 8 -1600 -3712 512 4.71 0.87
WTst 7 -1600 -3840 512 4.71 0.86
WTst 8 -1408 -3520 512 4.71 1.16
WTst 7 -1536 -3328 512 4.71 0.8
WTst 2 -2048 -3840 512 4.71 0.84
WTst 1 -1792 -3712 512 4.71 1.08
WTst 2 -1536 -3456 512 4.71 1.13
WTst 1 -1536 -3584 512 4.71 1.18
WTst 2 -1728 -3520 512 4.71 0.83
WTst 0 -1728 -3392 512 4.71 1.05
WTst 6 -1664 -3264 512 4.71 1.18
WTst 7 -1664 -3136 512 4.71 0.98
WTst 2 -1600 -2880 512 4.71 1.16
WTst 1 -1536 -3008 512 4.71 1.2
WTst 1 -1408 -3008 512 4.71 1.19
WTst 7 -1408 -3136 512 4.71 1.04
WTst 5 -1152 -2944 512 4.71 1.1
WTst 6 -1216 -3264 512 4.71 1.06
WTst 4 -1280 -3520 512 4.71 0.94
WTst 6 -1088 -3072 512 4.71 1.14
WTst 1 -960 -2880 512 4.71 1.1
WTst 3 -896 -2752 512 4.71 1.19
WTst 4 -832 -2624 512 4.71 0.83
WTst 1 -768 -2496 512 4.71 0.93
WTst 9 -704 -2368 512 4.71 1.06
WTst 3 -640 -2240 512 4.71 1.11
WTst 3 -512 -1984 512 4.71 0.86
WTst 2 -512 -1856 512 4.71 1.14
WTst 7 -640 -2048 512 4.71 1.05
WTst 5 -576 -2368 512 4.71 1.08
WTst 8 -512 -1728 512 4.71 0.96
WTst 9 -320 -1152 512 4.71 1.1
WTst 7 -256 -832 512 4.71 1.05
WTst 5 -448 -1088 512 4.71 0.8
WTst 9 -768 -1024 512 4.71 0.99
WTst 2 -832 -640 512 4.71 0.94
WTst 4 -832 -768 512 4.71 0.84
WTst 1 -576 -320 512 4.71 0.83
WTst 4 -320 -64 512 4.71 0.93
WTst 3 -256 512 512 4.71 1.11
WTst 9 -320 128 512 4.71 1.13
WTst 1 -384 -192 512 4.71 0.97
WTst 9 -768 0 512 4.71 1.12
WTst 1 -960 -512 512 4.71 0.87
WTst 6 -832 128 512 4.71 1.05
WTst 7 -960 -192 512 4.71 1.01
WTst 5 -960 -704 512 4.71 1.0
WTst 0 -960 -896 512 4.71 1.14
WTst 1 -512 -640 512 4.71 0.98
WTst 3 -448 -320 512 4.71 1.01
WTst 8 -384 -576 512 4.71 0.81
WTst 5 -320 -384 512 4.71 1.02
WTst 3 -576 -1024 512 4.71 1.19
WTst 3 -448 -768 512 4.71 1.18
WTst 3 -448 -896 512 4.71 0.84
WTst 8 -256 -256 512 4.71 0.99
WTst 9 -320 -960 512 4.71 1.11
WTst 6 -192 -64 512 4.71 0.89
WTst 4 -192 -448 512 4.71 0.82
WTst 4 -192 -640 512 4.71 1.17
WTst 7 -192 384 512 4.71 1.07
WTst 9 -512 0 512 4.71 1.05
WTst 5 -704 -832 512 4.71 0.92
WTst 9 -640 -704 512 4.71 1.01
WTst 4 -832 576 512 4.71 0.85
WTst 0 -832 960 512 4.71 0.92
WTst 1 -1024 512 512 4.71 0.83
WTst 6 -1024 768 512 4.71 1.07
WTst 0 -1024 256 512 4.71 1.13
WTst 5 -896 448 512 4.71 1.02
WTst 8 -1024 384 512 4.71 1.16
WTst 6 -512 1024 512 4.71 0.89
WTst 1 -448 1152 512 4.71 0.89
WTst 6 -640 1088 512 4.71 1.09
WTst 3 -384 1024 512 4.71 0.95
WTst 7 -256 832 512 4.71 0.92
WTst 0 -192 1024 512 4.71 1.06
WTst 4 -448 832 512 4.71 0.97
WTst 3 -192 704 512 4.71 1.13
WTst 1 -128 896 512 4.71 1.08
WTst 6 -64 1216 512 4.71 0.99
WTst 9 0 1408 512 4.71 0.98
WTst 3 -192 1280 512 4.71 1.17
WTst 0 -512 1408 512 4.71 0.93
WTst 8 -576 1280 512 4.71 1.05
WTst 4 -640 1472 512 4.71 0.94
WTst 7 -704 1664 512 4.71 0.87
WTst 2 -704 1792 512 4.71 1.2
WTst 1 -576 1856 512 4.71 0.97
WTst 5 -320 2048 512 4.71 1.12
WTst 0 -128 1856 512 4.71 0.95
WTst 7 -128 1984 512 4.71 1.08
WTst 7 -128 2112 512 4.71 0.93
WTst 5 -576 2240 512 4.71 1.19
WTst 7 -768 2688 512 4.71 1.18
WTst 3 -768 2816 512 4.71 0.83
WTst 8 -832 2944 512 4.71 0.94
WTst 9 -832 3072 512 4.71 1.05
WTst 4 -768 3200 512 4.71 1.19
WTst 3 -704 3328 512 4.71 0.8
WTst 8 -384 3392 512 4.71 1.09
WTst 6 -256 3136 512 4.71 1.01
WTst 9 -192 2880 512 4.71 0.88
WTst 1 -128 2624 512 4.71 0.84
WTst 1 -128 2368 512 4.71 1.18
WTst 2 -192 2240 512 4.71 1.18
WTst 0 -256 2560 512 4.71 1.08
WTst 6 -320 2688 512 4.71 0.83
WTst 7 -320 2816 512 4.71 0.93
WTst 6 -704 3520 512 4.71 0.91
WTst 0 -1472 3712 512 4.71 0.89
WTst 2 -1408 3520 512 4.71 1.0
WTst 9 -1600 3456 512 4.71 0.91
WTst 3 -1408 3392 512 4.71 0.92
WTst 6 -1280 3584 512 4.71 1.01
WTst 0 -1088 3776 512 4.71 0.96
WTst 0 -1344 3904 512 4.71 1.08
WTst 0 -768 3776 512 4.71 1.04
WTst 6 -384 3520 512 4.71 1.15
WTst 8 -576 3584 512 4.71 1.08
WTst 9 -704 3648 512 4.71 1.03
WTst 9 -448 3648 512 4.71 1.08
WTst 8 -576 3712 512 4.71 1.12
WTst 4 0 3136 512 4.71 0.87
WTst 7 -128 3264 512 4.71 1.17
WTst 8 -64 3008 512 4.71 1.13
WTst 9 0 2688 512 4.71 1.18
WTst 9 -64 -5056 512 4.71 0.92
WTst 4 64 -4992 512 4.71 0.99
WTst 6 192 -4864 512 4.71 0.88
WTst 8 -192 -4992 512 4.71 1.1
WTst 6 -64 -4928 512 4.71 1.12
WTst 1 64 -4864 512 4.71 0.91
WTst 6 576 -4480 512 4.71 1.02
WTst 3 704 -4352 512 4.71 1.09
WTst 6 768 -4032 512 4.71 0.84
WTst 9 576 -4288 512 4.71 0.87
WTst 5 896 -4288 512 4.71 0.83
WTst 4 896 -4096 512 4.71 0.81
WTst 0 768 -4160 512 4.71 0.86
WTst 8 640 -4608 512 4.71 1.19
WTst 8 768 -4544 512 4.71 1.11
WTst 8 1024 -4096 512 4.71 1.1
WTst 8 1088 -3968 512 4.71 1.05
WTst 4 832 -4416 512 4.71 1.1
WTst 8 1088 -4352 512 4.71 1.07
WTst 3 1152 -3840 512 4.71 1.01
WTst 1 1024 -3776 512 4.71 0.97
WTst 6 1152 -3456 512 4.71 0.86
WTst 0 1216 -3264 512 4.71 0.95
WTst 8 1024 -3520 512 4.71 1.03
WTst 9 1408 -3008 512 4.71 0.88
WTst 9 1472 -2880 512 4.71 1.05
WTst 4 1280 -3136 512 4.71 1.13
WTst 0 1600 -2880 512 4.71 0.9
WTst 4 1600 -2752 512 4.71 1.08
WTst 3 1344 -2816 512 4.71 1.12
WTst 8 1536 -3008 512 4.71 0.99
WTst 5 1600 -2624 512 4.71 1.09
WTst 8 1408 -3136 512 4.71 1.16
WTst 4 1664 -2432 512 4.71 0.89
WTst 8 1728 -2304 512 4.71 1.19
WTst 9 1664 -2112 512 4.71 0.92
WTst 0 1472 -2432 512 4.71 1.16
WTst 0 1472 -2304 512 4.71 1.18
WTst 3 1664 -1856 512 4.71 0.93
WTst 8 1792 -1472 512 4.71 1.08
WTst 7 1856 -1152 512 4.71 1.13
WTst 8 1792 -1344 512 4.71 1.05
WTst 7 1664 -1664 512 4.71 1.14
WTst 3 1792 -960 512 4.71 1.17
WTst 0 1664 -1088 512 4.71 1.04
WTst 0 1664 -704 512 4.71 1.2
WTst 3 1728 -512 512 4.71 1.11
WTst 0 1792 -320 512 4.71 0.87
WTst 8 1856 -192 512 4.71 0.89
WTst 2 1920 64 512 4.71 0.96
WTst 0 1920 192 512 4.71 1.11
WTst 2 1984 320 512 4.71 1.18
WTst 6 1856 448 512 4.71 0.98
WTst 6 1856 640 512 4.71 0.81
WTst 5 1792 832 512 4.71 0.97
WTst 5 1728 1024 512 4.71 0.96
WTst 7 1728 1152 512 4.71 0.84
WTst 3 1792 1280 512 4.71 1.04
WTst 4 1856 1408 512 4.71 1.06
WTst 8 1984 1344 512 4.71 1.16
WTst 1 1920 896 512 4.71 0.81
WTst 0 1920 1152 512 4.71 0.95
WTst 7 2176 1728 512 4.71 0.96
WTst 4 2240 1856 512 4.71 1.0
WTst 1 2176 2048 512 4.71 1.04
WTst 1 2048 2112 512 4.71 1.14
WTst 9 1920 1728 512 4.71 0.99
WTst 9 1984 1472 512 4.71 1.09
WTst 5 2048 1728 512 4.71 1.01
WTst 5 1984 1856 512 4.71 0.93
WTst 9 1856 1856 512 4.71 1.08
WTst 1 1856 2048 512 4.71 0.86
WTst 7 2240 2176 512 4.71 1.13
WTst 5 2368 2368 512 4.71 1.03
WTst 7 2560 2368 512 4.71 1.04
WTst 9 2688 2304 512 4.71 0.91
WTst 0 2816 2368 512 4.71 1.17
WTst 8 2368 1984 512 4.71 1.12
WTst 7 2496 2176 512 4.71 0.93
WTst 9 2688 2496 512 4.71 0.85
WTst 0 1984 2496 512 4.71 0.98
WTst 2 1920 2304 512 4.71 0.9
WTst 3 1856 2816 512 4.71 1.01
WTst 8 1792 3264 512 4.71 0.87
WTst 0 1856 3456 512 4.71 0.91
WTst 8 1792 3712 512 4.71 1.17
WTst 9 1792 3840 512 4.71 0.85
WTst 1 1664 4032 512 4.71 1.16
WTst 2 1536 4480 512 4.71 1.0
WTst 9 1472 4608 512 4.71 0.94
WTst 6 1600 4288 512 4.71 1.17
WTst 1 1600 4160 512 4.71 1.09
WTst 1 1344 4928 512 4.71 1.16
WTst 5 1152 5184 512 4.71 1.0
WTst 5 1024 5312 512 4.71 1.11
WTst 7 1216 4992 512 4.71 0.92
WTst 0 1024 5056 512 4.71 0.86
WTst 1 768 5184 512 4.71 1.19
WTst 1 640 5312 512 4.71 1.13
WTst 2 384 5376 512 4.71 1.03
WTst 1 256 5376 512 4.71 1.19
WTst 4 1088 5760 512 4.71 0.93
WTst 8 1088 6016 512 4.71 1.14
WTst 9 1408 5952 512 4.71 0.98
WTst 4 1664 5952 512 4.71 0.99
WTst 3 1792 5952 512 4.71 1.08
WTst 3 1920 5888 512 4.71 0.88
WTst 6 2048 5888 512 4.71 0.92
WTst 3 256 6080 512 4.71 1.14
WTst 7 448 6080 512 4.71 1.14
WTst 0 -896 6080 512 4.71 1.17
WTst 2 -192 5952 512 4.71 1.13
WTst 4 -5504 -768 512 4.71 0.83
WTst 5 -5568 -1600 512 4.71 0.91
WTst 8 -5440 -1792 512 4.71 0.95
WTst 8 -5312 -1792 512 4.71 1.02
WTst 1 -5440 -1920 512 4.71 1.12
WTst 2 -4864 -2496 512 4.71 0.96
WTst 0 -4864 -2688 512 4.71 0.95
WTst 9 -5120 -2880 512 4.71 0.87
WTst 7 -4992 -3008 512 4.71 0.92
WTst 1 -4992 -3136 512 4.71 0.98
WTst 0 -4096 6080 512 4.71 1.01
WTst 6 -3968 6080 512 4.71 0.87
WTst 3 -3840 6080 512 4.71 1.03
WTst 9 -3712 6080 512 4.71 1.07
WTst 4 -3520 6080 512 4.71 1.19
WTst 8 -4096 5056 512 4.71 0.83
WTst 8 -3968 5056 512 4.71 1.03
WTst 4 -3776 5184 512 4.71 1.15
WTst 0 -3584 5248 512 4.71 1.15
WTst 9 -3136 5312 512 4.71 1.11
WTst 7 -3328 5312 512 4.71 0.9
WTst 2 -3456 5312 512 4.71 1.1
WTst 6 -4480 5312 512 4.71 0.8
WTst 4 -4608 5312 512 4.71 0.82
WTst 6 -4736 5376 512 4.71 1.08
WTst 9 -896 2304 512 4.71 1.06
WTst 4 -768 2112 512 4.71 0.95
WTst 5 -896 2816 512 4.71 0.97
WTst 9 -1024 3072 512 4.71 1.11
WTst 2 -1024 3264 512 4.71 0.86
WTst 3 -4416 -4864 512 4.71 0.91
WTst 2 -4480 -4992 512 4.71 0.98
WTst 6 -4480 -5184 512 4.71 0.86
WTst 9 -4352 -5312 512 4.71 0.97
WTst 7 -4480 -5440 512 4.71 0.98
WTst 2 -4352 -5568 512 4.71 1.19
WTst 1 -4352 -5696 512 4.71 1.08
WTst 3 -4096 -5824 512 4.71 0.9
WTst 3 -3904 -5888 512 4.71 0.8
WTst 5 -3712 -5888 512 4.71 0.9
YTst 0 2688 5888 512 4.71 1.08
YTst 1 2816 5824 512 4.71 0.9
YTst 1 3008 5824 512 4.71 1.17
YTst 0 3008 5952 512 4.71 0.94
YTst 1 2816 6016 512 4.71 0.98
YTst 1 3136 5952 512 4.71 0.88
YTst 0 3264 5760 512 4.71 0.84
YTst 1 3456 5760 512 4.71 0.91
YTst 1 3520 5888 512 4.71 1.19
YTst 0 3392 5952 512 4.71 1.18
YTst 1 3264 5952 512 4.71 1.01
YTst 0 3648 5824 512 4.71 0.92
YTst 1 3648 5952 512 4.71 1.06
YTst 1 3968 5760 512 4.71 1.01
YTst 1 4096 5824 512 4.71 0.89
YTst 0 4224 5760 512 4.71 1.12
YTst 1 4352 5760 512 4.71 1.05
YTst 0 4352 5888 512 4.71 0.84
YTst 1 4544 5824 512 4.71 1.15
YTst 0 4608 5952 512 4.71 0.92
YTst 1 4736 5824 512 4.71 1.17
YTst 0 4864 5888 512 4.71 0.9
YTst 0 2496 5376 512 4.71 1.13
YTst 0 2624 5248 512 4.71 1.16
YTst 0 2432 5184 512 4.71 1.14
YTst 1 2240 5184 512 4.71 1.08
YTst 1 2176 5056 512 4.71 0.84
YTst 0 2176 4928 512 4.71 1.05
YTst 1 2176 4800 512 4.71 1.13
YTst 0 1984 4864 512 4.71 0.81
YTst 1 2048 4672 512 4.71 1.04
YTst 0 2112 4544 512 4.71 0.89
YTst 0 2112 4416 512 4.71 1.17
YTst 0 2112 4096 512 4.71 0.98
YTst 0 2112 3968 512 4.71 1.15
YTst 0 2112 3840 512 4.71 0.86
YTst 1 2112 3648 512 4.71 1.03
YTst 0 2112 3520 512 4.71 0.88
YTst 0 3072 3968 512 4.71 1.02
YTst 1 3072 4160 512 4.71 0.89
YTst 1 3072 4288 512 4.71 1.03
YTst 0 2944 4224 512 4.71 1.03
YTst 0 2944 4032 512 4.71 0.93
YTst 1 3008 3840 512 4.71 0.97
YTst 1 3136 3776 512 4.71 0.93
YTst 0 3072 3456 512 4.71 1.06
YTst 0 3200 3456 512 4.71 0.86
YTst 1 3136 3328 512 4.71 1.12
YTst 0 3264 3328 512 4.71 0.82
YTst 0 2944 3584 512 4.71 1.18
YTst 0 3136 3584 512 4.71 1.12
YTst 0 3328 3456 512 4.71 0.94
YTst 1 3392 3328 512 4.71 1.11
YTst 0 3200 3136 512 4.71 1.15
YTst 0 3264 3008 512 4.71 0.94
YTst 1 3008 3264 512 4.71 1.1
YTst 0 3136 3008 512 4.71 1.17
YTst 0 3328 2880 512 4.71 0.94
YTst 0 3456 2944 512 4.71 0.82
YTst 0 3520 3072 512 4.71 1.04
YTst 1 3456 3200 512 4.71 1.13
YTst 1 3584 2944 512 4.71 0.98
YTst 1 4544 3776 512 4.71 1.19
YTst 0 4736 3712 512 4.71 1.03
YTst 1 4736 3840 512 4.71 1.06
YTst 1 4864 3776 512 4.71 1.14
YTst 1 4928 3968 512 4.71 1.19
YTst 1 5120 3968 512 4.71 1.17
YTst 1 5248 4032 512 4.71 0.89
YTst 1 5376 4032 512 4.71 0.99
YTst 1 5568 4032 512 4.71 0.92
YTst 1 5696 4096 512 4.71 1.08
YTst 1 5632 3904 512 4.71 1.06
WTst 8 5056 3840 512 4.71 1.1
WTst 4 5120 3712 512 4.71 0.91
WTst 1 5184 3584 512 4.71 1.11
WTst 5 5632 3648 512 4.71 1.19
WTst 8 3584 2112 512 4.71 1.09
B050 0 5760 1728 512 4.71 1.5
B050 0 5760 1536 512 4.71 1.5
WTst 4 2176 1472 512 4.71 1.06
WTst 2 2304 1536 512 4.71 1.02
WTst 6 2368 1792 512 4.71 0.91
WTst 4 2624 2112 512 4.71 0.82
WTst 6 2816 2112 512 4.71 0.97
WTst 2 2688 2624 512 4.71 1.15
WTst 5 3264 2112 512 4.71 0.99
WTst 3 2816 2496 512 4.71 0.98
WTst 9 3072 2816 512 4.71 0.86
WTst 1 2368 2560 512 4.71 1.17
WTst 2 2240 2496 512 4.71 1.14
WTst 2 3200 2816 512 4.71 1.07
WTst 5 3584 3392 512 4.71 1.1
YTst 0 3264 5248 512 4.71 0.83
YTst 1 3584 5376 512 4.71 0.88
YTst 0 3712 5312 512 4.71 1.02
YTst 0 4160 5248 512 4.71 0.94
YTst 0 4352 5376 512 4.71 1.16
YTst 0 4032 5376 512 4.71 0.93
YTst 0 4032 5248 512 4.71 0.97
YTst 0 4288 5184 512 4.71 0.97
YTst 1 4672 5248 512 4.71 0.97
YTst 0 4928 5248 512 4.71 0.89
YTst 1 4992 5120 512 4.71 1.02
YTst 0 5184 5824 512 4.71 0.83
YTst 1 5760 5952 512 4.71 1.14
YTst 1 5824 5760 512 4.71 0.99
YTst 1 5824 5632 512 4.71 0.88
YTst 1 5824 5504 512 4.71 0.94
YTst 0 6080 5248 512 4.71 0.96
YTst 0 5120 5376 512 4.71 0.91
YTst 0 5184 5056 512 4.71 1.01
YTst 0 5824 5056 512 4.71 0.94
YTst 0 5952 4800 512 4.71 1.1
YTst 0 6080 4608 512 4.71 0.92
YTst 0 5952 4224 512 4.71 1.04
YTst 0 5888 4032 512 4.71 1.0
YTst 0 5952 3776 512 4.71 0.81
YTst 0 6080 3648 512 4.71 0.86
YTst 0 5888 3520 512 4.71 0.99
YTst 0 4480 2944 512 4.71 1.13
YTst 1 4672 2880 512 4.71 1.1
YTst 1 4928 2880 512 4.71 0.96
YTst 1 5120 2944 512 4.71 0.82
YTst 0 4480 4032 512 4.71 0.93
YTst 0 4352 4160 512 4.71 0.89
YTst 0 4224 4352 512 4.71 1.08
YTst 0 4096 4352 512 4.71 1.16
YTst 1 3968 4416 512 4.71 0.93
YTst 0 3136 5248 512 4.71 1.18
YTst 1 3008 5248 512 4.71 0.89
YTst 1 2880 5312 512 4.71 0.83
YTst 1 2112 3328 512 4.71 1.03
YTst 1 2112 3200 512 4.71 1.0
YTst 0 2240 2944 512 4.71 1.09
YTst 0 2560 2816 512 4.71 1.17
YTst 0 2432 2880 512 4.71 0.94
YTst 1 2752 2880 512 4.71 1.02
YTst 0 2816 2688 512 4.71 0.99
YTst 1 3008 2688 512 4.71 0.98
YTst 0 2944 2944 512 4.71 0.98
YTst 1 3392 2688 512 4.71 1.14
YTst 0 3648 2304 512 4.71 1.14
YTst 0 3968 2176 512 4.71 0.82
YTst 0 3840 2176 512 4.71 0.96
YTst 1 4032 2048 512 4.71 0.92
YTst 1 4288 1984 512 4.71 0.83
YTst 1 4160 2112 512 4.71 1.12
YTst 1 3776 2048 512 4.71 0.87
YTst 1 3904 1920 512 4.71 0.92
B050 0 4608 1984 512 4.71 1.5
B050 0 4416 1984 512 4.71 1.5
B050 0 5824 1344 512 4.71 1.5
B050 0 5568 2176 512 4.71 1.5
B050 0 5376 2176 512 4.71 1.5
B050 0 4992 2176 512 4.71 1.5
B050 0 4608 2176 512 4.71 1.5
B050 0 3648 1792 512 4.71 1.5
B050 0 4800 2176 512 4.71 1.5
B050 0 5184 2176 512 4.71 1.5
B050 0 3840 1792 512 4.71 1.5
B050 0 4032 1792 512 4.71 1.5
B050 0 4224 1792 512 4.71 1.5
B050 0 4416 1792 512 4.71 1.5
B050 0 3456 1792 512 4.71 1.5
B050 0 3264 1792 512 4.71 1.5
B050 0 3072 1792 512 4.71 1.5
B050 0 2880 1792 512 4.71 1.5
B050 0 2688 1728 512 4.71 1.5
B050 0 2688 1536 512 4.71 1.5
B050 0 5824 -3520 512 4.71 1.5
B050 0 5824 -3328 512 4.71 1.5
B050 0 5824 -3136 512 4.71 1.5
B050 0 5824 -2944 512 4.71 1.5
B050 0 5824 -2752 512 4.71 1.5
B050 0 5824 -2560 512 4.71 1.5
B050 0 5824 -2368 512 4.71 1.5
B050 0 5824 -3712 512 4.71 1.5
B050 0 5824 -4096 512 4.71 1.5
B050 0 5824 -3904 512 4.71 1.5
B050 0 5760 -4288 512 4.71 1.5
B050 0 5760 -4864 512 4.71 1.5
B050 0 5760 -4672 512 4.71 1.5
B050 0 5760 -4480 512 4.71 1.5
B050 0 5760 -5056 512 4.71 1.5
B050 0 5568 -5056 512 4.71 1.5
B050 0 5568 -5248 512 4.71 1.5
B050 0 5376 -5248 512 4.71 1.5
B050 0 5376 -5440 512 4.71 1.5
B050 0 5184 -5440 512 4.71 1.5
B050 0 4992 -5440 512 4.71 1.5
B050 0 4992 -5632 512 4.71 1.5
B050 0 4800 -5632 512 4.71 1.5
B050 0 4608 -5632 512 4.71 1.5
B050 0 4416 -5632 512 4.71 1.5
B050 0 4224 -5632 512 4.71 1.5
B050 0 4224 -5824 512 4.71 1.5
B050 0 4032 -5824 512 4.71 1.5
B050 0 3840 -5888 512 4.71 1.5
B050 0 3648 -5888 512 4.71 1.5
B050 0 3456 -5888 512 4.71 1.5
B050 0 3264 -5888 512 4.71 1.5
B050 0 3072 -5888 512 4.71 1.5
B050 0 2880 -5888 512 4.71 1.5
B050 0 5760 2112 512 4.71 1.5
B050 0 1536 -4608 512 4.71 1.5
B050 0 1536 -4416 512 4.71 1.5
B050 0 1536 -4224 512 4.71 1.5
B050 0 2688 -5888 512 4.71 1.5
B050 0 2496 -5888 512 4.71 1.5
B050 0 1920 -3264 512 4.71 1.5
B050 0 1920 -3072 512 4.71 1.5
B050 0 1920 -2880 512 4.71 1.5
B050 0 1920 -3456 512 4.71 1.5
B050 0 1920 -3648 512 4.71 1.5
B050 0 1728 -4224 512 4.71 1.5
B050 0 1728 -4032 512 4.71 1.5
B050 0 1728 -3840 512 4.71 1.5
B050 0 1920 -3840 512 4.71 1.5
B050 0 1984 -2112 512 4.71 1.5
B050 0 1920 -2688 512 4.71 1.5
B050 0 1920 -2496 512 4.71 1.5
B050 0 1920 -2304 512 4.71 1.5
B050 0 2176 -2112 512 4.71 1.5
B050 0 3136 -2112 512 4.71 1.5
B050 0 2944 -2112 512 4.71 1.5
B050 0 2752 -2112 512 4.71 1.5
B050 0 2560 -2112 512 4.71 1.5
B050 0 2368 -2112 512 4.71 1.5
B050 0 3328 -2112 512 4.71 1.5
B050 0 4288 -2112 512 4.71 1.5
B050 0 4096 -2112 512 4.71 1.5
B050 0 3904 -2112 512 4.71 1.5
B050 0 3712 -2112 512 4.71 1.5
B050 0 3520 -2112 512 4.71 1.5
B050 0 4480 -2112 512 4.71 1.5
B050 0 5440 -2112 512 4.71 1.5
B050 0 5248 -2112 512 4.71 1.5
B050 0 5056 -2112 512 4.71 1.5
B050 0 4864 -2112 512 4.71 1.5
B050 0 4672 -2112 512 4.71 1.5
B050 0 5632 -2112 512 4.71 1.5
B050 0 5824 -2112 512 4.71 1.5
B050 0 5824 -2240 716 4.71 1.8
B050 0 5824 -1344 512 4.71 1.5
B050 0 5824 -1152 512 4.71 1.5
B050 0 5824 -960 512 4.71 1.5
B050 0 5824 -768 512 4.71 1.5
B050 0 5824 -576 512 4.71 1.5
B050 0 5824 -384 512 4.71 1.5
B050 0 5824 -1536 512 4.71 1.5
B050 0 5824 -1920 512 4.71 1.5
B050 0 5824 -1728 512 4.71 1.5
B050 0 2112 -1344 512 4.71 1.5
B050 0 2112 -1152 512 4.71 1.5
B050 0 2112 -960 512 4.71 1.5
B050 0 2112 -768 512 4.71 1.5
B050 0 2112 -576 512 4.71 1.5
B050 0 2112 -384 512 4.71 1.5
B050 0 2112 -1536 512 4.71 1.5
B050 0 2112 -1920 512 4.71 1.5
B050 0 2112 -1728 512 4.71 1.5
B050 0 2304 -384 512 4.71 1.5
B050 0 2496 -384 512 4.71 1.5
B050 0 2688 -384 512 4.71 1.5
B050 0 2688 -192 512 4.71 1.5
B050 0 2688 0 512 4.71 1.5
B050 0 2496 0 512 4.71 1.5
B050 0 2496 192 512 4.71 1.5
B050 0 2496 384 512 4.71 1.5
B050 0 2496 576 512 4.71 1.5
B050 0 2496 768 512 4.71 1.5
B050 0 2496 960 512 4.71 1.5
B050 0 2496 1152 512 4.71 1.5
B050 0 2496 1344 512 4.71 1.5
B050 0 2496 1536 512 4.71 1.5
B050 0 5824 -192 512 4.71 1.5
B050 0 5824 0 512 4.71 1.5
B050 0 5824 192 512 4.71 1.5
B050 0 5824 384 512 4.71 1.5
B050 0 5824 576 512 4.71 1.5
B050 0 5824 768 512 4.71 1.5
B050 0 5824 960 512 4.71 1.5
B050 0 5824 1152 512 4.71 1.5
B011 0 1280 -5504 512 4.73 2.0
B050 0 1344 -4992 512 4.71 1.5
B050 0 1536 -4800 512 4.71 1.5
B050 0 1536 -4992 512 4.71 1.5
B050 0 2304 -5888 512 4.71 1.5
B050 0 2112 -5888 512 4.71 1.5
B050 0 1920 -5952 512 4.71 1.5
B050 0 1728 -5952 512 4.71 1.5
B050 0 1536 -5952 512 4.71 1.5
B050 0 1344 -5952 512 4.71 1.5
B050 0 1152 -5952 512 4.71 1.5
B050 0 1152 -4992 512 4.71 1.5
B050 0 960 -4992 512 4.71 1.5
B050 0 576 -4992 512 4.71 1.5
B050 0 576 -5184 512 4.71 1.5
B050 0 576 -5376 512 4.71 1.5
B050 0 576 -5568 512 4.71 1.5
B050 0 576 -5760 512 4.71 1.5
B050 0 768 -4992 512 4.71 1.5
B050 0 960 -5952 512 4.71 1.5
B050 0 768 -5952 512 4.71 1.5
B050 0 576 -5952 512 4.71 1.5
YTst 0 3648 2816 512 4.71 0.97
YTst 1 3776 2624 512 4.71 1.06
YTst 1 3840 2496 512 4.71 0.83
YTst 1 3840 2368 512 4.71 1.03
YTst 1 4032 2304 512 4.71 1.09
YTst 1 4160 2304 512 4.71 1.06
YTst 1 3840 1024 512 4.71 0.89
YTst 1 3776 768 512 4.71 0.94
YTst 1 3456 704 512 4.71 0.94
YTst 1 3008 704 512 4.71 0.83
YTst 0 2816 704 512 4.71 0.9
YTst 1 5568 704 512 4.71 1.17
YTst 1 5568 448 512 4.71 0.9
YTst 0 5632 256 512 4.71 1.02
YTst 0 5568 1856 512 4.71 1.07
YTst 0 4864 1984 512 4.71 0.89
YTst 1 4032 -1216 512 4.71 0.84
YTst 0 3840 -1472 512 4.71 1.06
YTst 1 3712 -1728 512 4.71 0.84
YTst 1 2496 -1344 512 4.71 0.8
YTst 1 2752 -1408 512 4.71 0.95
YTst 1 2432 -1600 512 4.71 1.08
YTst 0 2624 -1728 512 4.71 0.87
WTst 8 3584 832 512 4.71 1.1
WTst 1 3328 832 512 4.71 0.98
WTst 4 3008 832 512 4.71 0.91
WTst 7 2816 896 512 4.71 1.02
WTst 5 2752 1280 512 4.71 1.11
WTst 2 2816 1664 512 4.71 0.95
WTst 9 3584 1664 512 4.71 0.9
WTst 1 3968 1664 512 4.71 0.89
WTst 2 4224 1600 512 4.71 1.09
WTst 7 4096 1600 512 4.71 1.11
WTst 3 4992 1984 512 4.71 1.0
WTst 0 5120 1920 512 4.71 1.1
WTst 9 5376 1856 512 4.71 1.09
WTst 3 5504 1600 512 4.71 0.86
WTst 2 5760 1280 512 4.71 1.06
WTst 5 5760 1024 512 4.71 0.81
WTst 9 5440 960 512 4.71 1.2
WTst 1 5440 640 512 4.71 0.82
WTst 8 5440 384 512 4.71 1.03
WTst 0 5376 256 512 4.71 0.84
WTst 8 5056 192 512 4.71 0.93
WTst 4 4672 768 512 4.71 1.16
WTst 7 4544 768 512 4.71 1.19
WTst 1 4416 704 512 4.71 0.84
WTst 3 4480 128 512 4.71 1.02
WTst 1 4288 64 512 4.71 0.82
WTst 0 4096 64 512 4.71 0.96
WTst 1 2880 64 512 4.71 0.84
WTst 4 2752 320 512 4.71 0.86
WTst 9 2816 512 512 4.71 0.97
WTst 9 3072 512 512 4.71 0.92
WTst 3 3392 512 512 4.71 1.05
WTst 4 3776 576 512 4.71 1.16
WTst 7 4160 704 512 4.71 1.18
WTst 0 4288 896 512 4.71 0.88
B014 4 5824 3712 512 3.3 0.87
WTst 3 3648 1280 512 4.71 1.06
WTst 7 3328 1664 512 4.71 1.18
WTst 6 4608 -896 512 4.71 0.99
WTst 6 4480 -896 512 4.71 1.14
WTst 7 4224 -1280 512 4.71 1.08
WTst 6 4416 -1600 512 4.71 1.16
WTst 6 4736 -1728 512 4.71 0.99
WTst 3 5120 -1728 512 4.71 0.87
WTst 7 5312 -1728 512 4.71 0.96
WTst 5 5568 -1536 512 4.71 0.95
WTst 7 5632 -1792 512 4.71 1.15
WTst 8 5312 -1344 512 4.71 0.87
WTst 8 5248 -1088 512 4.71 0.94
WTst 4 5632 -1088 512 4.71 1.03
WTst 5 5632 -704 512 4.71 0.98
WTst 9 5312 -640 512 4.71 1.04
WTst 5 5696 128 512 4.71 0.86
WTst 6 4800 0 512 4.71 0.89
WTst 7 5184 0 512 4.71 1.07
WTst 7 4544 0 512 4.71 1.08
WTst 8 3520 192 512 4.71 1.07
WTst 4 3776 192 512 4.71 0.81
WTst 4 3904 128 512 4.71 1.11
WTst 9 3520 -64 512 4.71 0.98
WTst 4 3520 -384 512 4.71 1.13
WTst 2 3776 -448 512 4.71 0.98
WTst 0 4032 -256 512 4.71 0.89
WTst 5 3776 -64 512 4.71 0.92
WTst 2 3712 -192 512 4.71 1.12
WTst 6 2880 -256 512 4.71 1.01
WTst 6 2816 -512 512 4.71 0.85
WTst 8 2432 -512 512 4.71 0.81
WTst 0 2240 -512 512 4.71 1.07
WTst 2 2240 -768 512 4.71 1.05
WTst 4 2240 -1024 512 4.71 1.18
WTst 2 2496 -1024 512 4.71 0.81
WTst 1 2368 -1152 512 4.71 0.82
WTst 7 3520 -1088 512 4.71 1.05
WTst 5 3840 -1024 512 4.71 1.02
WTst 7 4160 -1024 512 4.71 1.05
WTst 2 4224 -768 512 4.71 0.95
WTst 1 4352 -320 512 4.71 0.96
WTst 2 4672 -320 512 4.71 0.99
WTst 3 5440 -1088 512 4.71 1.09
WTst 4 5312 -1536 512 4.71 0.85
WTst 3 4416 -1408 512 4.71 0.88
WTst 0 4160 -1408 512 4.71 1.07
WTst 4 3968 -1792 512 4.71 0.9
WTst 6 4416 -1856 512 4.71 1.1
WTst 9 4864 -1856 512 4.71 0.82
WTst 2 5184 -1920 512 4.71 0.89
WTst 2 5504 -1920 512 4.71 0.95
WTst 6 5440 -1664 512 4.71 0.87
YTst 1 3904 768 512 4.71 1.16
YTst 1 3712 1088 512 4.71 0.94
YTst 0 5504 128 512 4.71 0.84
YTst 0 3904 -320 512 4.71 1.07
YTst 1 4224 -1152 512 4.71 0.96
YTst 0 3840 -1280 512 4.71 1.08
YTst 0 3648 -1280 512 4.71 1.0
YTst 1 3584 -1472 512 4.71 1.15
YTst 0 3584 -1728 512 4.71 0.85
YTst 0 3648 -1856 512 4.71 0.88
YTst 1 3968 -1664 512 4.71 1.07
YTst 0 4224 -1600 512 4.71 0.95
YTst 1 4544 -1920 512 4.71 0.91
YTst 0 5568 -1280 512 4.71 0.84
YTst 0 5440 -1408 512 4.71 1.07
YTst 1 2752 -1664 512 4.71 1.2
YTst 1 2560 -1472 512 4.71 1.03
YTst 0 2304 -1728 512 4.71 0.99
YTst 0 2496 -1856 512 4.71 1.04
YTst 1 2240 -1216 512 4.71 0.9
YTst 1 2368 -1408 512 4.71 0.89
YTst 1 2496 -1216 512 4.71 1.14
YTst 0 3456 -3584 512 4.71 1.09
YTst 0 3456 -3776 512 4.71 0.87
YTst 1 3392 -3968 512 4.71 1.01
YTst 0 3520 -3904 512 4.71 1.02
YTst 1 3328 -3776 512 4.71 1.18
YTst 0 4544 -4416 512 4.71 1.02
YTst 0 4736 -4224 512 4.71 1.0
YTst 1 4672 -4608 512 4.71 1.15
YTst 0 4288 -4800 512 4.71 1.02
YTst 1 4544 -4864 512 4.71 0.99
YTst 0 4544 -5376 512 4.71 0.92
YTst 1 4800 -5440 512 4.71 1.13
YTst 0 5568 -5376 512 4.71 1.1
YTst 1 5248 -5696 512 4.71 1.06
YTst 0 4928 -5824 512 4.71 0.97
YTst 1 4544 -5824 512 4.71 0.9
YTst 1 4736 -5952 512 4.71 1.12
YTst 1 4864 -5952 512 4.71 0.91
YTst 1 4352 -5888 512 4.71 1.02
YTst 0 3840 -5696 512 4.71 0.92
YTst 1 3520 -5632 512 4.71 0.97
YTst 0 3328 -5696 512 4.71 1.05
YTst 1 1856 -5120 512 4.71 0.98
YTst 1 2112 -5184 512 4.71 1.03
YTst 1 1984 -5120 512 4.71 0.9
YTst 1 1856 -4736 512 4.71 1.19
YTst 1 1856 -4928 512 4.71 0.85
YTst 1 1728 -4736 512 4.71 0.86
YTst 1 1728 -4416 512 4.71 1.04
YTst 0 1408 -3968 512 4.71 0.91
YTst 0 1600 -3520 512 4.71 0.94
YTst 0 1728 -3456 512 4.71 1.16
YTst 0 1344 -4608 512 4.71 0.92
YTst 1 1152 -4736 512 4.71 1.15
YTst 0 832 -4736 512 4.71 0.88
YTst 1 704 -5184 512 4.71 1.03
YTst 1 768 -5440 512 4.71 1.11
YTst 0 704 -5696 512 4.71 1.16
YTst 1 320 -5824 512 4.71 0.97
YTst 0 448 -5568 512 4.71 1.18
YTst 0 320 -6016 512 4.71 1.15
YTst 0 0 -5760 512 4.71 1.02
YTst 1 128 -5568 512 4.71 1.18
YTst 0 3392 -2688 512 4.71 0.82
WTst 7 3456 -3136 512 4.71 1.07
WTst 3 3456 -2816 512 4.71 1.08
WTst 5 3456 -2944 512 4.71 0.85
WTst 9 3456 -3264 512 4.71 0.97
WTst 1 4480 -4608 512 4.71 0.94
WTst 4 4416 -4736 512 4.71 1.07
WTst 4 1856 -5824 512 4.71 0.85
WTst 8 1984 -5824 512 4.71 0.83
WTst 0 768 -5568 512 4.71 0.87
WTst 2 3392 -3392 512 4.71 0.93
WTst 3 3520 -2624 512 4.71 1.15
WTst 3 4096 -5952 512 4.71 0.81
WTst 5 1728 -5376 512 4.71 1.19
WTst 5 1152 -5120 512 4.71 1.02
WTst 6 896 -5120 512 4.71 1.17
WTst 0 896 -5376 512 4.71 1.2
WTst 7 896 -5696 512 4.71 0.85
WTst 9 1472 -5120 512 4.71 0.9
YTst 0 3200 -5696 512 4.71 0.81
YTst 0 3712 -5696 512 4.71 1.19
YTst 1 3968 -5568 512 4.71 1.03
YTst 0 4288 -4544 512 4.71 1.06
YTst 1 3648 -2496 512 4.71 0.97
YTst 0 5696 -3584 512 4.71 0.82
YTst 1 5696 -3840 512 4.71 1.05
YTst 0 5696 -4096 512 4.71 1.07
YTst 1 5952 -4288 512 4.71 0.97
YTst 0 6016 -4800 512 4.71 1.08
YTst 1 5952 -4608 512 4.71 0.88
YTst 0 6016 -3840 512 4.71 0.98
YTst 1 5952 -3008 512 4.71 0.82
YTst 1 6080 -2944 512 4.71 1.08
YTst 1 6080 -2496 512 4.71 1.17
YTst 0 5888 -1792 512 4.71 1.05
YTst 0 6080 -1472 512 4.71 0.96
YTst 0 6016 -1152 512 4.71 0.82
YTst 0 5952 -832 512 4.71 1.05
YTst 1 5952 -128 512 4.71 0.96
YTst 0 6080 128 512 4.71 0.89
YTst 0 6016 576 512 4.71 0.89
YTst 0 5952 1152 512 4.71 1.11
YTst 0 5888 1472 512 4.71 1.18
YTst 1 6080 2048 512 4.71 1.19
YTst 0 5824 3072 512 4.71 0.9
YTst 1 5824 3392 512 4.71 1.12
YTst 1 6016 2880 512 4.71 1.14
YTst 1 6080 3328 512 4.71 1.04
YTst 1 5952 3008 512 4.71 1.09
YTst 0 5376 3840 512 4.71 0.87
YTst 1 5824 4672 512 4.71 1.19
YTst 1 5440 6016 512 4.71 1.08
YTst 1 4992 5824 512 4.71 0.97
YTst 1 2240 704 512 4.71 1.04
YTst 0 2176 320 512 4.71 1.0
YTst 1 2304 128 512 4.71 1.08
YTst 1 2240 -128 512 4.71 0.97
YTst 1 1536 -3904 512 4.71 1.09
YTst 1 1536 -3712 512 4.71 1.09
YTst 0 1472 -3392 512 4.71 1.17
YTst 0 1728 -3072 512 4.71 0.9
YTst 0 1856 -1856 512 4.71 1.19
YTst 1 2624 576 512 4.71 0.81
YTst 0 2304 1152 512 4.71 1.17
YTst 0 1984 -4864 512 4.71 1.07
B014 5 -4288 -4928 512 3.63 1.17
B014 3 -3648 -5248 512 2.48 0.7
B014 3 -3584 -4864 512 2.39 0.95
B014 7 -3968 -5056 512 0.14 1.19
B014 5 -3392 -3968 512 3.56 1.02
B014 2 -4992 -3648 512 2.43 1.04
B014 4 -5184 -2816 512 3.4 0.52
B014 6 -4992 -2368 512 2.93 1.34
B014 1 -3776 -2176 512 4.52 1.1
B014 4 -4672 -1728 512 2.88 1.49
B014 1 -4288 -1024 512 4.24 1.37
B014 7 -4160 -192 512 4.82 1.3
B014 8 -5184 -64 512 3.86 0.85
B014 3 -5504 640 512 5.62 0.92
B014 0 -3904 832 512 3.63 1.11
B014 6 -5440 1344 512 4.92 1.38
B014 8 -5312 2240 512 1.48 1.37
B014 5 -4864 2432 512 4.68 1.34
B014 3 -5568 1664 512 2.41 0.6
B014 7 -3008 1664 512 1.38 1.32
B014 2 -3776 1408 512 1.33 1.26
B014 1 -2496 1088 512 2.06 0.59
B014 3 -3520 896 512 4.19 0.88
B014 3 -2816 576 512 0.86 1.17
B014 1 -3648 192 512 2.57 1.34
B014 7 -2944 192 512 4.36 0.97
B014 7 -3712 -128 512 3.02 0.51
B014 2 -3072 -576 512 3.93 1.25
B014 7 -3456 -576 512 3.58 1.21
B014 7 -3648 -1152 512 0.09 0.93
B014 4 -2752 -1024 512 1.34 1.31
B014 4 -3392 -1472 512 2.69 1.11
B014 2 -3328 -1984 512 0.79 1.09
B014 3 -3328 -2368 512 1.45 0.93
B014 6 -3456 -2816 512 4.14 0.56
B014 2 -3584 -2880 512 1.45 0.52
B014 0 -3392 -3456 512 5.31 1.29
B014 2 -3584 -3648 512 5.92 0.8
B014 8 -1728 -3328 512 0.79 1.01
B014 4 -1408 -3648 512 5.43 0.81
B014 3 -832 -3072 512 2.39 0.97
B014 3 -1600 -2560 512 5.9 0.85
B014 5 -640 -2112 512 5.88 0.81
B014 3 -1216 -2112 512 0.51 1.32
B014 1 0 -1792 512 1.8 1.41
B014 5 -1152 -1344 512 2.84 1.13
B014 8 -128 -896 512 0.87 0.7
B014 5 -1024 -448 512 1.29 1.37
B014 7 -320 -576 512 4.08 0.54
B014 1 -960 384 512 3.0 1.28
B014 6 -320 512 512 5.11 0.52
B014 8 -576 1408 512 1.94 0.66
B014 1 256 1728 512 5.65 0.85
B014 8 -768 1920 512 1.36 1.04
B014 4 -192 2176 512 4.83 1.43
B014 5 -448 3072 512 0.89 1.24
B014 7 -768 3072 512 5.45 0.61
B014 7 0 3456 512 0.63 1.12
B014 1 -1216 3584 512 0.14 0.89
B014 8 -512 3904 512 3.67 1.11
B014 1 -1600 3776 512 4.71 1.34
B014 8 -1024 4032 512 1.9 1.5
B014 7 -2496 3840 512 5.5 0.82
B014 5 -3008 5312 512 4.83 0.72
B014 6 1728 5760 512 0.1 1.46
B014 2 1856 5504 512 1.94 0.63
B014 3 2048 5824 512 5.78 0.87
B014 8 2048 5568 512 4.15 1.08
B014 2 2176 5824 512 5.48 1.3
B014 2 2304 5504 512 2.55 0.78
B014 4 2368 5632 512 5.45 1.44
B014 2 2176 5696 512 1.48 1.12
B014 3 1984 5696 512 2.39 1.09
B014 2 1856 5632 512 4.03 1.1
B014 2 2048 5440 512 3.07 1.13
B014 5 2240 5504 512 0.44 0.8
B014 3 2176 5376 512 5.15 1.25
B014 1 1920 5248 512 1.15 1.37
B014 7 1856 5056 512 3.35 1.4
B014 3 2048 4992 512 2.95 0.55
B014 8 1856 4864 512 2.43 0.7
B014 4 1920 4800 512 3.49 1.19
B014 7 1856 4672 512 6.21 1.16
B014 1 1856 4544 512 5.79 0.85
B014 1 2048 4416 512 5.18 1.29
B014 3 1792 4608 512 4.54 0.61
B014 2 1984 4224 512 3.02 0.95
B014 3 2048 4160 512 0.35 1.22
B014 8 1984 3904 512 0.54 1.24
B014 1 2112 3840 512 2.98 0.79
B014 0 1856 3776 512 1.31 1.48
B014 3 2048 3520 512 5.29 1.44
B014 7 1920 3392 512 3.75 0.7
B014 8 2048 3264 512 0.79 0.89
B014 1 1920 3136 512 1.34 1.26
B014 0 2176 2944 512 1.48 0.54
B014 2 1984 2944 512 1.66 1.1
B014 5 2048 3072 512 5.81 0.59
B014 7 2176 2816 512 2.23 0.98
B014 8 2240 2880 512 0.16 1.14
B014 8 2048 2816 512 4.68 0.71
B014 5 2368 2048 512 0.1 0.72
B014 4 2304 1856 512 2.27 0.66
B014 1 -128 -6016 512 3.16 1.07
B014 2 -256 -5632 512 5.17 1.31
B014 0 -320 -6016 512 2.83 0.56
B014 1 2112 2624 512 2.11 0.74
B014 7 -192 -5888 512 1.43 0.67
B014 4 2176 2240 512 3.33 1.27
B014 6 64 -5312 512 5.92 0.93
B014 8 -64 -5696 512 6.04 1.36
B014 2 256 -5248 512 3.4 0.95
B014 4 256 -5248 512 1.99 0.86
B014 6 448 -5120 512 5.92 1.0
B014 1 -128 -5568 512 4.73 0.98
B014 1 2688 1664 512 0.47 0.6
B014 6 2560 1792 512 5.83 1.5
B014 0 2368 1536 512 4.43 1.46
B014 1 2240 1280 512 4.36 1.49
B014 8 2048 1088 512 6.04 0.62
B014 4 2368 960 512 1.34 0.55
B014 1 1984 896 512 0.61 0.91
B014 5 2112 832 512 5.38 0.57
B014 0 2112 768 512 3.02 0.73
B014 3 1728 640 512 0.99 0.92
B014 5 2304 576 512 3.77 1.47
B014 1 1984 320 512 1.03 0.6
B014 1 2240 128 512 5.32 1.25
B014 6 2048 64 512 3.07 0.89
B014 7 2112 -64 512 3.05 1.34
B014 6 1920 -256 512 1.29 0.92
B014 8 1792 5952 512 1.41 0.74
B014 2 1664 5952 512 2.23 0.58
B014 4 2368 6080 512 3.37 1.44
B014 6 1920 -384 512 4.71 1.36
B014 5 1856 -640 512 5.95 1.16
B014 7 1856 -960 512 3.7 0.53
B014 1 1728 -1152 512 4.87 1.12
B014 4 1920 -1216 512 3.72 1.07
B014 5 1664 -1344 512 3.94 1.48
B014 0 1856 -1472 512 4.64 0.99
B014 0 1728 -1664 512 0.68 1.05
B014 1 1792 -1600 512 5.62 0.89
B014 1 1856 -1728 512 2.09 1.0
B014 7 1664 -2048 512 5.71 0.76
B014 6 1792 -2240 512 2.2 1.12
B014 7 1664 -2368 512 2.18 1.26
B014 5 1792 -2496 512 3.49 1.29
B014 2 1600 -2496 512 0.35 0.69
B014 1 1664 -2816 512 3.56 1.16
B014 8 1472 -3008 512 6.07 1.16
B014 1 1664 -3072 512 1.33 1.13
B014 2 1280 -3200 512 5.06 0.61
B014 0 1664 -3328 512 1.71 1.32
B014 3 1280 -3392 512 5.93 0.97
B014 3 1216 -3648 512 2.29 1.15
B014 1 1152 -3648 512 2.36 0.91
B014 1 1280 -3776 512 2.41 1.04
B014 8 1088 -3840 512 2.01 0.81
B014 2 1024 -3968 512 5.72 0.7
B014 6 1280 -4224 512 4.56 1.5
B014 1 960 -4352 512 2.71 1.32
B014 2 1024 -4416 512 5.39 1.28
B014 6 1152 -4480 512 5.93 0.58
B014 3 1152 -4480 512 3.16 1.28
B014 5 768 -4544 512 6.23 1.24
B014 1 832 -4608 512 6.23 1.04
B014 0 768 -4480 512 0.0 1.24
B014 7 448 -4864 512 5.69 1.03
B014 2 192 -5056 512 5.15 0.54
B014 5 704 -4864 512 0.59 1.32
B014 3 256 -5056 512 5.78 1.02
B014 2 256 -5184 512 0.12 0.7
B014 1 640 -4672 512 3.86 1.07
B014 8 320 -5056 512 0.3 0.63
B014 1 2112 2496 512 2.53 0.94
B014 0 2176 2304 512 2.27 0.82
B014 2 2304 1920 512 5.34 0.68
B014 2 2304 1856 512 2.23 1.01
B014 8 -64 1536 512 4.12 0.84
B014 3 256 832 512 3.21 0.94
B014 0 -192 576 512 5.83 1.37
B014 7 -192 -128 512 3.86 0.92
B014 0 -64 -384 512 3.46 1.42
B014 8 -1024 192 512 2.13 0.68
B014 5 -640 768 512 4.05 1.07
B014 0 -704 -320 512 4.29 1.35
B014 0 -1024 -1088 512 1.43 1.24
B014 3 -576 -1472 512 0.93 0.85
B014 0 -1088 -1600 512 5.11 1.29
B014 6 -640 -1856 512 4.76 0.61
B014 4 -896 -2496 512 5.6 1.32
B014 5 -1152 -2944 512 5.83 1.09
B014 8 -1344 -3264 512 2.15 0.58
B014 7 -960 -3328 512 0.47 1.22
B014 3 576 -4224 512 6.18 1.45
B014 3 768 -3840 512 4.52 1.23
B014 7 1152 -3520 512 4.9 0.76
B014 0 1280 -2944 512 5.39 1.47
B014 1 1472 -2688 512 5.64 0.99
B014 6 -832 -5376 512 2.55 1.22
B014 5 -1472 -5376 512 4.94 1.38
B014 5 -2496 -5696 512 2.02 0.79
B014 2 -3008 -5248 512 0.84 1.2
B014 6 -2368 -5248 512 0.7 1.23
B014 4 -3328 -5440 512 0.91 1.31
B014 8 -3648 -5696 512 5.52 0.92
B6A2 0 -5888 -384 512 0.42 0.35
B6A2 0 -5888 -704 512 4.66 0.29
B6A2 0 -5248 -1216 512 3.91 0.45
B6A2 0 -5376 -896 512 5.71 0.36
B6A2 0 -4160 -128 512 5.15 0.39
B6A2 0 -4416 384 512 3.86 0.34
B6A2 0 -4288 704 512 1.06 0.3
B6A2 0 -3840 1728 512 3.65 0.26
B6A2 0 -3392 2240 512 3.68 0.47
B6A2 0 -2816 2304 512 4.57 0.28
B6A2 0 -2560 2048 512 0.54 0.35
B6A2 0 -5184 5760 512 4.85 0.34
B6A2 0 -5056 5760 512 4.8 0.32
B6A2 0 -4992 5760 512 1.68 0.29
B6A2 0 -4800 5760 512 6.18 0.45
B6A2 0 -4736 5760 512 1.4 0.31
B6A2 0 -4608 5760 512 2.43 0.3
B6A2 0 -4416 5760 512 6.16 0.31
B6A2 0 -4224 5760 512 4.19 0.41
B6A2 0 -4096 5760 512 2.79 0.32
B6A2 0 -3968 5760 512 4.71 0.27
B6A2 0 -3776 5760 512 0.3 0.29
B6A2 0 -3648 5760 512 4.15 0.41
B6A2 0 -3584 5760 512 0.72 0.27
B6A2 0 -3456 5760 512 2.08 0.48
B6A2 0 -3392 5760 512 5.5 0.36
B6A2 0 -3072 5760 512 5.48 0.26
B6A2 0 -3200 5760 512 5.39 0.39
B6A2 0 -2944 5760 512 1.55 0.43
B6A2 0 -2624 5760 512 5.27 0.45
B6A2 0 -5184 5504 512 5.13 0.32
B6A2 0 -5120 5504 512 0.54 0.37
B6A2 0 -4992 5504 512 4.63 0.36
B6A2 0 -4864 5504 512 0.98 0.4
B6A2 0 -4672 5504 512 4.14 0.26
B6A2 0 -4544 5504 512 5.62 0.39
B6A2 0 -4416 5504 512 4.63 0.49
B6A2 0 -4160 5504 512 5.62 0.44
B6A2 0 -3968 5504 512 2.25 0.43
B6A2 0 -3776 5504 512 0.94 0.35
B6A2 0 -3712 5504 512 3.86 0.25
B6A2 0 -3520 5504 512 0.47 0.36
B6A2 0 -3328 5504 512 5.97 0.4
B6A2 0 -3136 5504 512 4.15 0.47
B6A2 0 -2816 5440 512 6.2 0.43
B6A2 0 -2560 5504 512 5.86 0.34
B6A2 0 -2432 5440 512 5.95 0.41
B6A2 0 -2176 5824 512 3.07 0.32
B6A2 0 -1664 5760 512 4.4 0.4
B6A2 0 -1856 5504 512 1.75 0.38
B6A2 0 -1280 5888 512 5.41 0.26
B6A2 0 -1216 5568 512 2.41 0.46
B6A2 0 -768 5888 512 5.78 0.35
B6A2 0 -576 5504 512 2.11 0.33
B6A2 0 -128 5760 512 2.08 0.35
B6A2 0 0 5504 512 4.26 0.38
B6A2 0 256 5824 512 3.61 0.39
B6A2 0 576 5504 512 1.71 0.44
B6A2 0 1728 5760 512 4.56 0.37
B6A2 0 1792 5760 512 5.41 0.27
B6A2 0 1856 5760 512 0.82 0.33
B6A2 0 1920 5760 512 4.78 0.29
B6A2 0 1984 5760 512 6.27 0.29
B6A2 0 2048 5760 512 4.31 0.43
B6A2 0 2112 5760 512 0.44 0.28
B6A2 0 2176 5760 512 2.62 0.5
B6A2 0 2240 5760 512 0.89 0.32
B6A2 0 2368 5760 512 3.82 0.34
B6A2 0 2368 5760 512 4.56 0.39
B6A2 0 2496 5760 512 2.29 0.4
B6A2 0 1728 5504 512 5.15 0.34
B6A2 0 1792 5504 512 2.13 0.34
B6A2 0 1856 5504 512 5.01 0.41
B6A2 0 1920 5504 512 4.03 0.34
B6A2 0 1984 5504 512 5.31 0.4
B6A2 0 2048 5504 512 1.17 0.32
B6A2 0 2112 5504 512 5.92 0.39
B6A2 0 2176 5504 512 4.87 0.32
B6A2 0 2240 5504 512 5.29 0.48
B6A2 0 2304 5504 512 3.79 0.37
B6A2 0 2368 5504 512 0.07 0.29
B6A2 0 2432 5504 512 2.46 0.33
B6A2 0 2432 5504 512 0.19 0.4
B6A2 0 2432 5504 512 5.57 0.48
B6A2 0 2496 5504 512 2.39 0.44
B6A2 0 2496 5504 512 6.04 0.46
B6A2 0 3200 5504 512 0.77 0.36
B6A2 0 3520 5440 512 4.1 0.45
B6A2 0 3904 5248 512 5.36 0.45
B6A2 0 4608 5440 512 1.64 0.49
B6A2 0 5056 5248 512 0.02 0.28
B6A2 0 4992 5440 512 1.54 0.46
B6A2 0 3840 5760 512 1.95 0.27
B6A2 0 3072 5888 512 4.21 0.32
B6A2 0 2752 5952 512 2.43 0.4
B6A2 0 3968 5952 512 1.97 0.42
B6A2 0 4416 5760 512 5.59 0.31
B6A2 0 4928 5952 512 1.97 0.4
B6A2 0 4928 5824 512 1.13 0.27
B6A2 0 5440 5952 512 0.7 0.29
B6A2 0 5696 5888 512 5.2 0.46
B6A2 0 5824 5504 512 3.84 0.27
B6A2 0 5888 5184 512 4.73 0.41
B6A2 0 6080 4928 512 3.7 0.42
B6A2 0 5888 4608 512 6.11 0.33
B6A2 0 5824 4352 512 6.21 0.47
B6A2 0 5056 4864 512 0.12 0.42
B6A2 0 4416 5248 512 1.64 0.46
B6A2 0 3456 5184 512 3.26 0.26
B6A2 0 2688 5248 512 2.93 0.39
B6A2 0 2816 4544 512 4.66 0.29
B6A2 0 3008 4416 512 2.71 0.47
B6A2 0 2944 3776 512 2.55 0.46
B6A2 0 2880 3392 512 3.75 0.49
B6A2 0 3456 3392 512 0.51 0.4
B6A2 0 3712 3520 512 2.06 0.31
B6A2 0 3712 2688 512 3.32 0.33
B6A2 0 2880 2688 512 5.48 0.3
B6A2 0 2304 3072 512 2.76 0.3
B6A2 0 2688 2560 512 0.98 0.48
B6A2 0 3328 2176 512 3.04 0.27
B6A2 0 2944 2048 512 5.08 0.29
B6A2 0 3520 2496 512 0.72 0.49
B6A2 0 4096 2048 512 1.8 0.43
B6A2 0 4288 2432 512 4.15 0.43
B6A2 0 3712 2560 512 0.21 0.27
B6A2 0 5760 3264 512 4.38 0.39
B6A2 0 6080 2944 512 6.16 0.5
B6A2 0 5888 3584 512 4.78 0.26
B6A2 0 5824 3904 512 0.89 0.35
B6A2 0 4928 3904 512 3.49 0.28
B6A2 0 4672 3712 512 4.28 0.34
B6A2 0 4480 4032 512 1.17 0.36
B6A2 0 4352 4480 512 1.52 0.4
B6A2 0 3968 4352 512 3.54 0.47
B6A2 0 3840 4480 512 5.85 0.46
B6A2 0 3648 5184 512 3.51 0.29
B6A2 0 3136 5184 512 4.9 0.46
B6A2 0 2880 5504 512 6.04 0.4
B6A2 0 2240 4288 512 0.07 0.47
B6A2 0 2240 4864 512 5.79 0.48
B6A2 0 2368 5184 512 2.6 0.42
B6A2 0 2176 4032 512 0.72 0.39
B6A2 0 2240 3392 512 3.05 0.3
B6A2 0 2624 2112 512 2.76 0.45
B6A2 0 3200 2496 512 4.52 0.27
B6A2 0 3904 960 512 0.45 0.43
B6A2 0 3584 640 512 4.22 0.48
B6A2 0 3072 704 512 1.5 0.27
B6A2 0 3904 832 512 0.38 0.43
B6A2 0 3712 768 512 4.17 0.42
B6A2 0 3648 1152 512 5.43 0.38
B6A2 0 4032 1472 512 3.21 0.33
B6A2 0 5504 704 512 4.38 0.25
B6A2 0 5440 64 512 3.82 0.32
B6A2 0 5760 448 512 3.21 0.35
B6A2 0 5440 192 512 0.52 0.26
B6A2 0 4864 128 512 0.03 0.27
B6A2 0 4672 128 512 1.24 0.46
B6A2 0 4736 256 512 4.99 0.47
B6A2 0 5248 192 512 3.54 0.43
B6A2 0 5632 -256 512 4.66 0.26
B6A2 0 5632 -1280 512 3.02 0.39
B6A2 0 5376 -1344 512 2.91 0.4
B6A2 0 5376 -1728 512 3.68 0.46
B6A2 0 4800 -1792 512 2.86 0.46
B6A2 0 4224 -1728 512 3.6 0.38
B6A2 0 3904 -1792 512 5.08 0.47
B6A2 0 3712 -1280 512 1.05 0.46
B6A2 0 2624 -1856 512 0.07 0.36
B6A2 0 2432 -1536 512 0.54 0.35
B6A2 0 2560 -1344 512 4.71 0.27
B6A2 0 2752 -1280 512 1.36 0.39
B6A2 0 2304 -1280 512 1.54 0.29
B6A2 0 2048 -2624 512 4.36 0.48
B6A2 0 2560 -2816 512 0.24 0.33
B6A2 0 3328 -2816 512 4.63 0.3
B6A2 0 2880 -2432 512 5.08 0.41
B6A2 0 2560 -3136 512 3.91 0.31
B6A2 0 1856 -4160 512 4.07 0.42
B6A2 0 1856 -4736 512 4.47 0.46
B6A2 0 1856 -5056 512 2.46 0.39
B6A2 0 2048 -5184 512 0.54 0.42
B6A2 0 3456 -5632 512 3.12 0.37
B6A2 0 4352 -4864 512 0.51 0.38
B6A2 0 5696 -3840 512 5.59 0.36
B6A2 0 5696 -3392 512 1.55 0.47
B6A2 0 4672 -4352 512 3.94 0.34
B6A2 0 -832 -5888 512 3.6 0.34
B6A2 0 -640 -5376 512 1.82 0.38
B6A2 0 -896 -5632 512 5.59 0.33
B6A2 0 -2304 -5952 512 1.26 0.26
B6A2 0 -2816 -5504 512 0.16 0.31
B6A2 0 -3328 -5696 512 1.94 0.48
B6A2 0 -4416 -5568 512 3.58 0.33
B6A2 0 -4608 -4800 512 4.15 0.28
B6A2 0 -5248 -5184 512 1.01 0.38
B6A2 0 -5824 -4864 512 3.63 0.39
B04Y 0 -1088 -1472 512 4.75 2.3
B04Y 0 -768 1536 512 3.0 0.96
B04Y 0 -1216 3392 512 1.95 1.15
B04Y 0 -2880 1856 512 0.19 1.77
B04Y 0 -4672 2752 512 5.39 1.36
B04Y 0 -5376 3072 512 2.01 1.44
B04Y 0 -5632 5952 512 5.45 1.81
B04Y 0 -4672 6080 512 4.83 1.88
B04Y 0 -5888 1472 512 0.54 1.92
B04Y 0 -5952 -1472 512 2.95 0.83
B04Y 0 -5568 -2368 512 1.54 2.46
B04Y 0 -4736 -5184 512 5.88 2.18
B04Y 0 -3200 -5760 512 4.24 1.11
B04Y 0 -2368 -5504 512 4.68 1.46
B04Y 0 -1344 -5376 512 1.71 1.33
B04Y 0 -320 -5376 512 1.34 1.83
B04Y 0 1216 -4352 512 1.03 1.99
B04Y 0 3456 -3712 512 4.42 2.07
B04Y 0 4672 -4352 512 4.73 1.47
B04Y 0 4480 -4416 512 2.25 1.06
D007 0 4823 -430 512 2.41 1.0
B04Y 0 4480 -576 512 2.64 0.93
B04Y 0 3456 2880 512 3.96 1.06
B014 0 4928 4032 512 4.85 1.31
B04Y 0 2112 3968 512 6.27 1.26
B04Y 0 1536 4608 512 4.26 1.95
B04Y 0 -512 3456 512 0.91 2.24
B04Y 0 -1024 2752 512 1.78 1.18
B04Y 0 -4032 576 512 4.87 2.29
B04Y 0 -4864 2432 512 1.88 1.6
B04Y 0 -5632 384 512 1.41 2.31
B04Y 0 -3712 -640 512 3.07 1.28
B04Y 0 -3520 -1600 512 3.0 1.72
B04Y 0 -3648 -2816 512 4.68 1.58
B04Y 0 -3776 -4864 512 2.43 2.23
B04Y 0 -3904 -5632 512 0.96 2.22
B04Y 0 -1024 -5248 512 2.71 0.8
B04Y 0 -704 -2624 512 2.78 2.02
B04Y 0 -1152 512 512 3.14 0.9
B04Y 0 -64 2048 512 4.82 1.24
B04Y 0 5824 -5504 512 0.66 2.41
B04Y 0 3584 -6080 512 3.12 1.59
B04Y 0 1984 -6016 512 2.55 1.67
B04Y 0 448 -5888 512 1.12 2.2
B04Y 0 3776 -5760 512 4.12 1.34
B04Y 0 960 -3648 512 0.12 2.25
B04Y 0 -256 -2048 512 1.27 0.92
B04Y 0 -1408 -2176 512 3.37 0.88
B04Y 0 -3712 -4224 512 5.81 1.02
B04Y 0 -5056 -1216 512 1.62 1.5
B04Y 0 -1664 -5888 512 3.63 1.59
B008 0 -4576 -4000 512 3.4 0.94
B008 0 -4576 -4512 512 5.18 0.94
B008 0 -4448 -4512 512 5.99 0.94
B008 0 -4320 -4512 512 0.68 0.9
B008 0 -4192 -4512 512 2.88 0.99
B008 0 -4064 -4512 512 4.1 0.94
B008 0 -3936 -4512 512 3.44 0.94
B008 0 -3872 -4128 512 3.6 0.91
B008 0 -3872 -4256 512 4.69 0.93
B008 0 -3872 -4384 512 5.01 0.96
B69F 0 -4800 -3840 512 3.96 0.76
B69F 1 -4608 -3840 512 5.65 1.17
B69G 0 -4704 -3808 512 2.37 1.36
B69G 1 -3424 -3744 512 1.69 1.25
B69G 3 -3616 -3296 512 5.17 1.01
B69G 2 -5088 2080 512 3.25 0.86
B69G 3 -5152 1888 512 0.28 0.97
B69G 3 -4384 2976 512 5.39 1.43
B69G 1 -3872 3488 512 0.24 1.09
B69G 0 -3296 3616 512 2.18 0.54
B69G 2 -2912 3616 512 5.88 1.47
B69G 2 160 3168 512 4.71 1.36
B69G 0 -416 2720 512 0.42 1.29
B69G 0 160 2336 512 4.29 1.26
B69G 2 -416 2272 512 2.97 1.01
B69G 2 224 1632 512 5.17 1.4
B69G 0 160 1184 512 3.89 1.02
B69G 2 32 992 512 2.84 0.89
B69G 3 352 1120 512 1.48 0.97
B69G 3 96 736 512 2.2 0.82
B69G 2 96 352 512 0.73 1.22
B69G 0 160 -160 512 0.26 0.58
B69G 3 -32 32 512 1.59 0.87
B69G 3 160 -416 512 2.62 0.58
B69G 3 224 -672 512 4.66 0.95
B69G 0 32 -928 512 1.94 0.87
B69G 3 -96 -1248 512 5.69 1.03
B69G 1 -224 -1632 512 3.18 1.46
B60B 2 -4512 -4000 512 3.87 1.12
B60B 1 -4448 -4000 512 2.72 1.1
B60B 1 -4384 -4000 512 5.46 1.18
B60B 1 -4320 -4000 512 6.09 0.63
B60B 1 -4256 -4000 512 1.2 0.51
B60B 2 -4192 -4000 512 6.25 1.31
B60B 1 -4128 -4000 512 4.64 1.35
B60B 1 -4064 -4000 512 1.29 1.38
B60B 0 -4000 -4000 512 2.88 1.07
B60B 2 -3936 -4000 512 1.57 1.24
B60B 1 -3872 -4000 512 1.33 1.44
B60B 2 -3808 -4000 512 6.18 0.92
B60B 1 -3744 -4000 512 1.03 0.52
B60B 0 -5024 3872 512 0.72 1.45
B60B 2 -4896 3872 512 2.43 0.86
B60B 2 -4768 3872 512 3.07 1.23
B60B 0 -4640 3872 512 4.94 1.14
B60B 0 -4576 3872 512 5.97 1.23
B60B 1 -4512 3872 512 2.16 0.96
B60B 2 -4448 3872 512 3.93 0.93
B60B 2 -4384 3872 512 3.72 1.31
B60B 0 -4384 3808 512 0.23 0.82
B60B 2 -4384 3744 512 1.52 0.63
B60B 2 -4384 3680 512 1.29 0.69
B60B 1 -4384 3616 512 1.75 1.16
B60B 1 -4384 3552 512 5.55 1.11
B60B 2 -4384 3488 512 0.77 1.38
B60B 0 -4384 3424 512 2.9 0.92
B60B 0 -4384 3360 512 1.08 1.02
B60B 2 -4384 3296 512 0.28 0.92
B60B 2 5280 4640 512 2.48 1.26
B60B 1 5280 4576 512 1.03 0.84
B60B 0 5280 4512 512 2.43 0.83
B60B 0 5280 4448 512 1.55 0.6
B60B 1 5280 4384 512 5.13 1.36
B60B 2 5280 4320 512 1.55 0.82
B60B 1 5280 4256 512 4.64 0.6
B60B 0 4320 5024 512 3.86 0.67
B60B 2 4320 4960 512 3.35 0.83
B60B 1 4320 4896 512 4.64 0.63
B60B 2 4320 4832 512 0.61 1.19
B60B 2 4320 4768 512 5.81 0.95
B60B 2 4320 4704 512 1.78 0.79
B60B 2 4320 4640 512 1.55 0.89
B60B 0 3872 4960 512 5.74 0.75
B60B 2 3872 4896 512 3.98 1.0
B60B 1 3872 4832 512 0.05 0.72
B60B 1 3872 4768 512 0.17 1.12
B60B 2 3872 4704 512 2.23 1.12
B60B 1 3872 4640 512 0.42 0.85
B60B 1 3872 5024 512 0.94 1.15
B60B 0 2784 5024 512 1.27 1.48
B60B 1 2784 4960 512 5.11 1.01
B60B 2 2784 4896 512 4.52 0.87
B60B 1 2784 4832 512 5.32 0.83
B60B 0 2784 4768 512 1.47 1.38
B60B 0 2784 4704 512 5.48 1.33
B60B 0 2784 4640 512 2.11 1.45
B60B 0 2400 4640 512 0.94 0.94
B60B 2 2464 4640 512 4.63 0.76
B60B 0 2528 4640 512 4.26 1.28
B60B 1 2592 4640 512 1.99 1.39
B60B 0 2656 4640 512 4.85 0.9
B60B 1 2720 4640 512 2.78 0.85
B60B 1 2656 3552 512 1.33 0.63
B60B 1 2592 3552 512 2.06 0.68
B60B 2 2528 3552 512 4.21 1.26
B60B 1 2464 3552 512 2.95 0.78
B60B 2 2400 3552 512 3.12 1.03
B60B 0 2720 3552 512 4.71 0.62
B60B 1 5280 3488 512 1.41 1.37
B60B 0 5280 3424 512 2.86 1.35
B60B 1 5280 3360 512 0.75 0.92
B60B 0 5280 3296 512 1.29 0.91
B60B 1 5280 3232 512 0.3 0.97
B60B 1 5280 3168 512 3.39 0.58
B60B 2 5280 3104 512 2.57 1.23
B61C 0 4864 1600 512 4.35 1.48
B014 4 4288 1024 512 5.45 1.25
B60B 0 4064 1312 512 4.49 1.12
B60B 1 4064 1248 512 4.28 0.6
B60B 1 4064 1184 512 1.88 0.79
B014 0 5952 1856 512 2.6 0.68
B60B 1 3040 288 512 2.41 1.04
B60B 2 3104 288 512 1.52 1.29
B60B 1 3168 288 512 5.65 1.45
B60B 2 3232 288 512 5.67 0.93
B60B 2 3296 288 512 3.3 1.19
B60B 0 3360 288 512 2.55 1.17
B60B 1 2656 -608 512 3.74 0.58
B60B 2 2656 -672 512 2.9 0.52
B60B 0 2656 -736 512 1.69 1.25
B60B 1 2656 -800 512 3.58 0.98
B60B 1 2656 -864 512 6.02 1.3
B60B 1 2656 -928 512 4.8 0.85
B60B 2 2656 -992 512 0.72 0.81
B60B 1 3744 -608 512 1.76 1.18
B60B 1 3744 -672 512 6.25 1.22
B60B 1 3744 -736 512 1.85 1.39
B60B 2 3744 -800 512 3.25 0.75
B60B 0 3744 -864 512 0.54 1.19
B60B 1 3744 -928 512 0.47 0.62
B60B 0 3040 -1504 512 3.65 1.44
B60B 0 3104 -1504 512 1.78 0.66
B60B 2 3168 -1504 512 4.61 1.18
B60B 1 3232 -1504 512 1.19 1.49
B60B 2 3296 -1504 512 3.33 0.6
B60B 0 3360 -1504 512 2.15 0.85
B60B 0 4448 288 512 2.98 1.36
B60B 0 4448 352 512 0.3 0.63
B60B 1 4448 416 512 4.83 0.91
B6A2 0 4736 1984 512 3.21 0.33
B014 7 -4096 3264 512 0.68 1.33
B014 2 -5184 3264 512 4.08 0.78
B014 3 -4992 3072 512 1.57 0.67
B014 6 -2240 3648 512 4.71 0.52
B014 3 -3584 3520 512 4.35 1.21
D000 0 5178 -4722 512 0.0 1.0
D007 0 4983 -3969 512 3.94 1.0
YTst 1 5248 -2816 512 4.71 0.97
WTst 6 5120 -2752 512 4.71 0.99
B014 8 4928 -2496 512 5.06 0.87
D007 0 4494 2654 512 0.09 1.0
WTst 7 4288 -1024 512 4.71 1.05
D007 0 3325 -914 512 3.94 1.0
B014 2 6080 896 512 0.89 1.37
B014 7 -5888 3840 512 5.74 1.49
D007 0 4709 -5109 512 3.94 1.0
D005 0 3326 -1542 512 1.17 1.9
B014 1 2240 -3648 512 1.33 1.13
B014 7 -2944 1088 512 4.14 0.82
D000 0 2735 -4240 512 0.0 1.0
D005 0 3062 -639 512 5.83 1.91
D007 0 3450 -4580 512 3.94 1.0
D007 0 5556 -3022 512 3.94 1.0
B014 4 -3392 576 512 4.07 0.52
D007 0 2140 -3275 512 3.94 1.0
WTst 6 4288 -1728 512 4.71 1.16
B04Y 0 4224 -1920 512 5.01 0.8
B04Y 0 4096 -1728 512 5.01 0.8
D007 0 5122 -135 512 2.69 1.0
D007 0 4060 -901 512 0.98 1.0
D007 0 4494 2521 512 5.53 1.0
D007 0 3040 -1815 512 5.24 1.0
D007 0 4950 365 512 1.08 1.0
D007 0 5118 1621 512 3.51 1.0
D007 0 4609 1394 512 1.2 1.0
D007 0 4352 1265 512 5.08 1.0
D007 0 2535 3297 512 2.86 1.0
D007 0 2526 3904 512 2.43 1.0
D000 0 4250 -3880 512 0.0 1.0
D007 0 4095 3765 512 3.86 1.0
D007 0 4497 2381 512 6.02 1.0
B60B 1 2656 -3168 512 5.32 0.97
B60B 0 2720 -3168 512 5.22 0.78
B60B 0 2784 -3168 512 5.55 0.72
B60B 1 2848 -3168 512 4.54 1.1
B60B 2 2912 -3168 512 2.86 1.02
B60B 1 2976 -3168 512 1.4 1.14
B60B 0 3040 -3168 512 5.34 0.6
B60B 1 3104 -3168 512 1.13 0.62
B60B 1 3168 -3168 512 4.26 1.42
B60B 0 3232 -3168 512 4.07 1.13
B60B 0 2528 -5088 512 4.24 1.31
B60B 1 2592 -5024 512 1.83 0.85
B60B 0 2656 -4960 512 4.45 1.04
B60B 1 2720 -4896 512 4.28 0.94
B60B 0 2784 -4832 512 4.85 1.26
B60B 1 2848 -4768 512 1.76 0.92
B60B 2 2912 -4704 512 2.71 1.38
B60B 2 2976 -4640 512 4.9 1.08
B60B 0 3040 -4576 512 4.69 0.75
B60B 1 3168 -5472 512 1.78 1.07
B60B 1 3232 -5408 512 2.34 0.85
B60B 0 3296 -5344 512 4.54 0.75
B60B 2 3360 -5280 512 5.43 0.58
B60B 2 3424 -5216 512 4.73 1.35
B60B 2 3488 -5152 512 5.25 1.37
B60B 0 3552 -5088 512 1.62 0.77
B60B 0 3616 -5024 512 2.32 0.61
B60B 2 3680 -4960 512 5.65 0.55
B60B 1 3744 -4896 512 4.66 1.02
B60B 0 3808 -4832 512 5.95 1.25
B60B 0 3872 -4768 512 3.02 1.41
B60B 2 3936 -4704 512 0.24 0.59
B60B 2 4000 -4640 512 2.81 1.4
B60B 1 4064 -4576 512 1.33 0.86
B60B 0 4128 -4512 512 0.59 0.64
B60B 1 3744 -3936 512 6.18 0.72
B60B 2 3808 -3872 512 4.94 0.72
B60B 2 3872 -3808 512 0.31 0.79
B60B 1 3936 -3744 512 4.71 0.71
B60B 2 4000 -3680 512 4.76 1.15
B60B 0 4064 -3616 512 0.38 1.38
B60B 1 4128 -3552 512 2.37 1.23
B60B 2 4192 -3488 512 0.51 0.52
B60B 1 4256 -3424 512 5.85 0.59
B60B 2 4320 -3360 512 2.62 0.84
B60B 2 4384 -3296 512 0.75 0.86
B60B 0 4448 -3232 512 5.53 0.82
B60B 0 4512 -3168 512 1.59 1.37
B60B 0 4576 -3104 512 0.73 0.83
B60B 1 4640 -3040 512 4.99 1.1
B60B 2 4704 -2976 512 4.38 1.08
B60B 1 4768 -2912 512 3.28 1.3
B60B 1 4832 -2848 512 1.99 1.42
B60B 0 4896 -2784 512 0.59 1.37
B014 2 3200 2688 512 1.66 1.1
D007 0 2373 -905 512 0.05 1.0
D007 0 2373 -649 512 0.47 1.0
B60B 2 5408 -3232 512 0.24 1.2
B6A2 0 3072 2368 512 3.75 0.49
B60B 2 5344 -3296 512 3.72 0.56
B60B 1 5280 -3360 512 3.09 0.71
B60B 2 5216 -3424 512 3.49 0.81
B60B 1 5152 -3488 512 3.18 1.26
B60B 2 5088 -3552 512 4.8 0.72
B60B 1 5024 -3616 512 4.07 1.42
B60B 2 4960 -3680 512 4.03 1.02
B60B 0 4896 -3744 512 2.34 1.16
B60B 1 3680 -4000 512 3.8 0.6
B60T 3 -4064 -4320 512 5.18 0.53
B60T 1 -4064 -4256 512 1.59 0.66
B60T 3 -4064 -4192 512 0.4 0.87
B60T 2 -4064 -4128 512 3.26 1.35
B60T 3 -4064 -4064 512 2.64 0.77
B60T 8 -4128 -4064 512 5.17 1.13
B60T 5 -4192 -4064 512 5.2 0.68
B60T 8 -4256 -4064 512 4.96 1.42
B60T 0 -4320 -4064 512 2.65 1.07
B60T 6 -4384 -4064 512 5.41 1.41
B60T 7 -4384 -4128 512 0.35 1.15
B60T 4 -4384 -4192 512 3.42 0.93
B60T 3 -4384 -4256 512 3.23 1.02
B60T 6 -4384 -4320 512 1.45 0.74
B60T 8 -4384 -4384 512 3.28 0.75
B60T 8 -4320 -4384 512 3.44 1.42
B60T 7 -4256 -4384 512 1.76 0.99
B60T 3 -4192 -4384 512 5.04 1.11
B60T 1 -4128 -4384 512 0.05 0.59
B60T 4 -4064 -4384 512 4.47 1.31
B60T 5 3104 -2912 512 6.25 0.92
B60T 8 3104 -2848 512 1.57 1.2
B60T 8 3104 -2784 512 3.25 1.0
B60T 1 3104 -2720 512 0.63 0.62
B60T 7 3104 -2656 512 4.36 0.53
B60T 2 3040 -2656 512 5.06 0.62
B60T 5 2976 -2656 512 2.02 0.61
B60T 8 2912 -2656 512 1.5 1.08
B60T 1 2848 -2656 512 4.42 1.12
B60T 7 2784 -2656 512 5.93 1.33
B60T 5 2784 -2720 512 4.31 1.25
B60T 3 2784 -2784 512 2.51 0.74
B60T 7 2784 -2848 512 3.14 1.3
B60T 4 2784 -2912 512 4.82 0.97
B60T 2 2784 -2976 512 4.49 0.75
B60T 1 2848 -2976 512 5.71 0.92
B60T 4 2912 -2976 512 0.86 0.88
B60T 2 2976 -2976 512 4.01 1.41
B60T 6 3040 -2976 512 0.7 0.87
B60T 3 3104 -2976 512 0.65 0.81
B60T 0 3104 1440 512 5.36 0.7
B60T 8 3168 1440 512 2.06 0.51
B60T 0 3232 1440 512 1.73 1.29
B60T 3 3296 1440 512 4.61 0.94
B60T 6 3360 1376 512 5.69 1.22
B60T 5 3360 1440 512 1.61 0.87
B60T 1 3360 1312 512 0.28 1.25
B60T 7 3360 1248 512 6.06 0.89
B60T 1 3360 1184 512 2.22 1.17
B60T 8 3360 1120 512 5.78 0.99
B60T 5 3296 1120 512 5.43 0.57
B60T 6 3232 1120 512 5.18 1.43
B60T 7 3168 1120 512 4.83 1.13
B60T 5 3104 1120 512 3.26 0.61
B60T 5 3040 1120 512 0.49 1.32
B60T 1 3040 1184 512 3.61 1.4
B60T 5 3040 1248 512 1.45 1.0
B60T 4 3040 1312 512 2.91 0.56
B60T 6 3040 1376 512 2.02 1.3
B60T 4 3040 1440 512 3.18 1.08
B60T 1 5408 5600 512 4.69 0.53
B60T 7 5472 5600 512 3.49 1.45
B60T 1 5536 5600 512 5.59 0.66
B60T 3 5600 5600 512 0.17 0.65
B60T 4 5664 5536 512 0.51 1.34
B60T 0 5664 5472 512 3.44 0.62
B60T 7 5664 5408 512 5.65 0.81
B60T 8 5664 5344 512 0.44 0.66
B60T 4 5664 5280 512 5.78 1.39
B60T 5 5600 5280 512 3.89 1.43
B60T 4 5536 5280 512 4.42 1.44
B60T 0 5472 5280 512 1.12 0.72
B60T 2 5408 5280 512 4.71 1.04
B60T 7 5344 5280 512 6.23 1.37
B60T 8 5344 5344 512 3.05 0.51
B60T 8 5344 5408 512 1.29 0.66
B60T 8 5344 5472 512 0.58 1.42
B60T 0 5344 5536 512 4.9 0.53
B60T 8 5344 5600 512 4.92 1.41
B60T 4 5664 5600 512 2.62 1.49
B6AY 0 1504 5408 512 1.43 1.06
B6AY 0 800 5088 512 2.36 1.19
B6AY 0 -736 4064 512 1.01 1.41
B6AY 0 -2336 3936 512 3.89 0.56
B6AY 0 -3296 3680 512 3.72 1.13
B6AY 0 -4384 4704 512 5.78 1.07
B6AY 0 -4000 4896 512 2.46 0.62
B6AY 0 -4960 4448 512 4.99 0.95
B6AY 0 -4640 -3616 512 2.15 0.53
B6AY 0 -3680 -3552 512 5.65 1.42
B6AY 0 -4896 -2976 512 0.82 0.83
B6AY 0 -4768 -2208 512 5.83 1.18
B6AY 0 -4704 -1824 512 0.77 1.37
B6AY 0 -3104 -1568 512 5.67 0.9
B6AY 0 -2656 -416 512 4.75 0.89
B6AY 0 -1248 352 512 2.3 0.56
B6AY 0 -1440 -416 512 0.45 1.34
B6AY 0 -1376 -864 512 1.64 0.95
B6AY 0 -864 -1504 512 6.09 0.57
B6AY 0 -480 -2464 512 1.06 1.37
B6AY 0 160 -1248 512 3.7 0.55
B6AY 0 1568 -800 512 0.12 0.87
B6AY 0 1824 352 512 3.49 1.02
B6AY 0 2272 864 512 3.79 1.07
B6AY 0 2656 1120 512 2.69 0.77
B6AY 0 2848 3936 512 2.72 0.8
B6AY 0 2976 4128 512 0.19 1.0
B6AY 0 3744 3616 512 3.14 1.11
B6AY 0 3424 3616 512 1.05 0.96
B6AY 0 4448 3680 512 3.98 1.43
B6AY 0 4384 3936 512 2.71 1.45
B6AY 0 4576 5152 512 5.76 0.93
B6AY 0 5216 4832 512 5.27 1.14
B6AY 0 5792 4832 512 0.61 1.07
B6AY 0 5792 5280 512 5.93 1.14
B6AY 0 5280 5984 512 5.32 1.27
B6AY 0 5088 5792 512 4.49 1.37
B6AY 0 4128 4576 512 4.85 0.54
B6AY 0 4832 5152 512 2.36 0.65
B6AY 0 5152 4960 512 0.28 1.38
B6AY 0 5344 3744 512 4.57 0.67
ITig 0 4992 3712 512 1.05 1.0
ITig 0 5696 3776 512 3.87 1.0
ITig 0 4672 4096 512 1.15 1.0
ITig 0 4800 5440 512 1.83 1.0
ITig 0 3840 5376 512 6.27 1.0
ITig 0 2880 5184 512 3.56 1.0
ITig 0 2240 4544 512 3.77 1.0
ITig 0 4416 1600 512 0.09 1.0
ITig 0 5440 1728 512 6.11 1.0
B6BF 0 4352 2176 512 4.5 1.26
B6BF 0 4736 2048 512 0.98 0.52
B60H 0 2688 -1152 512 5.41 1.19
WTst 6 4352 -1216 512 4.71 1.14
B60H 0 4928 64 512 6.25 1.34
B60H 0 3968 640 512 6.21 0.99
B64U 0 -5216 5568 512 0.0 1.14
B60O 0 -5824 5184 512 1.57 0.58
B60O 0 -5184 4032 512 0.0 1.08
B6AI 0 -4608 4800 512 4.71 0.7
B6AI 0 -4352 5056 512 1.57 1.36
B6AI 0 -1792 3520 512 0.0 0.91
B6AI 0 -960 1728 512 1.57 1.04
B6AI 0 -2304 1856 512 1.57 0.86
B6AI 0 -2624 2176 512 1.57 1.05
B6AI 0 -2496 1280 512 0.0 1.35
B6AI 0 -2816 -448 512 1.57 0.72
B6AI 0 -1280 -512 512 4.71 1.47
B6AI 0 -1408 -1152 512 4.71 1.08
B6AI 0 -1792 -2880 512 0.0 1.4
B6AI 0 -1600 -1920 512 3.14 1.04
B6AI 0 -1984 -3584 512 1.57 0.89
B6AI 0 -960 -3456 512 1.57 1.19
B6AI 0 512 -4032 512 1.57 0.76
B6AI 0 256 -4352 512 0.0 0.65
B6AI 0 0 -4672 512 0.0 0.94
B6AI 0 1472 -2048 512 4.71 0.61
B6AI 0 128 -1408 512 0.0 0.92
B6AI 0 192 0 512 3.14 1.08
B61C 0 5248 3840 512 5.83 1.25
B61C 1 5568 3904 512 0.44 0.72
B61C 3 5184 4032 512 5.17 0.94
B61C 2 4736 4032 512 5.18 0.6
B61C 1 4224 4352 512 5.08 0.76
B61C 2 3904 4480 512 3.02 1.42
B61C 3 4288 4480 512 1.2 0.88
B61C 3 3840 4608 512 3.18 1.3
B61C 3 3840 4352 512 5.57 1.46
B61C 2 3264 3648 512 0.07 1.4
B61C 2 3072 4480 512 0.33 0.71
B61C 1 3328 5248 512 5.24 1.07
B61C 2 2624 5184 512 3.72 1.38
B61C 2 3712 1088 512 1.8 0.76
B61C 0 3712 896 512 1.13 1.46
B61C 1 3392 768 512 3.82 1.37
B61C 0 3136 768 512 5.18 0.79
B61C 3 4288 768 512 3.07 1.03
B61C 3 4224 -1664 512 5.92 0.95
B61C 0 4224 -1216 512 1.01 0.8
B61C 0 3712 -1600 512 4.89 0.95
B61C 2 3648 -1664 512 1.31 0.88
B61C 1 3456 -2432 512 1.97 1.11
B61C 2 3456 -2688 512 4.94 1.38
B61C 2 3392 -2880 512 2.2 0.57
B61C 0 3392 -3200 512 5.24 0.58
B61C 2 3392 -3840 512 4.15 0.54
B61C 3 3328 -4096 512 5.55 0.99
B61C 2 3264 -4288 512 6.13 0.7
B61C 0 3136 -4416 512 2.62 0.95
B61C 3 2368 -5120 512 3.65 1.08
B61C 0 1984 -4672 512 4.24 0.79
B61C 0 1920 -4416 512 1.92 0.81
B61C 1 1984 -3968 512 4.69 0.56
B61C 0 2048 -3776 512 3.21 1.37
B61C 1 4608 -4992 512 6.21 1.09
B61C 3 4736 -4416 512 3.84 0.89
B61C 1 4800 -3968 512 5.34 1.09
B61C 1 4864 -3904 512 0.1 1.49
B61C 3 4416 -4480 512 1.06 0.53
B61C 2 4224 -4672 512 4.45 1.31
B61C 3 4224 -5056 512 5.34 1.48
B61C 2 4224 -5376 512 3.25 1.28
B61C 0 4096 -5504 512 5.39 1.48
B61C 1 3456 -5504 512 1.73 0.6
B61C 2 3200 -5504 512 2.78 1.43
B61C 3 5120 -5248 512 5.97 0.74
B61C 3 5440 -5120 512 1.43 0.57
B61C 0 5568 -4672 512 1.59 0.62
B61C 3 5632 -4352 512 4.57 0.83
B61C 1 5632 -3840 512 4.43 0.87
B61C 3 5632 -3328 512 4.54 0.56
B61C 3 4800 -2432 512 2.5 0.68
B61C 0 4480 -2432 512 3.07 0.98
B61C 1 4608 -384 512 2.08 0.74
B61C 0 3840 512 512 2.06 0.93
B61C 3 4224 1600 512 0.38 0.66
B61C 2 4352 2752 512 6.2 0.65
B61C 0 5056 2880 512 0.31 1.43
B61C 1 4608 2944 512 3.19 1.15
B61C 3 4800 3648 512 5.17 1.16
B61C 2 3648 2944 512 4.76 1.46
B61C 3 1856 4032 512 5.29 0.66
B61C 1 1344 4608 512 1.12 0.54
B61C 2 832 5312 512 1.47 1.39
B61C 0 1920 5632 512 3.33 0.97
B61C 2 2048 5632 512 5.45 0.78
B61C 3 2240 5632 512 3.04 0.82
B61C 2 2368 5632 512 3.68 1.16
B61C 1 2432 5696 512 3.82 1.0
B61C 2 2176 5824 512 5.74 0.53
B61C 3 1984 5760 512 0.61 1.45
B61C 2 1856 5696 512 4.12 0.99
B61C 3 1856 5568 512 2.84 1.45
B61C 1 1984 5440 512 0.47 1.21
B61C 2 2112 5312 512 2.5 0.65
B61C 1 2176 5248 512 3.54 0.55
B61C 3 2176 5376 512 5.27 0.88
B61C 3 2176 5440 512 0.19 1.15
B61C 1 2176 5568 512 1.27 0.71
B61C 0 2176 5760 512 0.68 0.5
B61C 3 2240 5888 512 1.1 1.17
B61C 1 2304 5952 512 4.47 0.62
B61C 1 2368 6080 512 0.98 0.83
B61C 3 2176 5632 512 0.93 0.98
B61C 2 1984 5184 512 0.75 1.49
B61C 1 1920 4928 512 0.54 0.93
B61C 1 1984 4672 512 5.06 0.77
B61C 3 1792 4672 512 1.41 1.11
B61C 2 1856 4736 512 5.38 1.39
B61C 0 1920 4416 512 3.65 1.45
B61C 1 1984 4352 512 0.66 1.2
B61C 1 2048 4224 512 2.08 1.09
B61C 1 1920 4096 512 4.49 0.82
B61C 0 1856 3904 512 4.75 1.02
B61C 2 1856 3712 512 2.2 0.78
B61C 3 1984 3584 512 4.03 1.35
B61C 1 1984 3648 512 2.39 1.33
B61C 1 1984 3136 512 0.47 1.46
B61C 1 1984 2944 512 1.61 1.08
B61C 1 2112 2816 512 2.37 0.91
B61C 2 2112 2624 512 5.65 0.58
B61C 1 2112 2624 512 2.3 0.64
B61C 0 2112 2496 512 4.66 0.51
B61C 2 2176 2304 512 0.68 0.73
B61C 2 2176 1984 512 1.31 1.39
B61C 0 2304 1792 512 3.26 1.33
B61C 1 2368 1728 512 3.0 0.55
B61C 2 2304 1536 512 5.25 0.93
B61C 1 2240 1408 512 6.14 0.76
B61C 0 2240 1152 512 3.63 1.44
B61C 0 2304 1152 512 1.85 0.57
B61C 0 2176 896 512 2.13 0.97
B61C 1 2176 768 512 5.32 1.16
B61C 2 2176 576 512 4.92 0.87
B61C 3 2176 512 512 2.98 1.03
B61C 3 2112 384 512 0.84 1.04
B61C 2 2112 320 512 5.1 0.59
B61C 2 2112 256 512 4.89 1.19
B61C 3 2048 0 512 2.02 0.93
B61C 0 2048 -128 512 5.57 1.45
B61C 3 1920 -256 512 0.87 0.65
B61C 3 1984 -576 512 0.37 1.4
B61C 1 1920 -768 512 5.83 1.45
B61C 3 1856 -960 512 1.06 1.2
B61C 1 1856 -1088 512 6.07 0.55
B61C 1 1792 -1216 512 1.95 0.87
B61C 2 1792 -1472 512 2.55 1.33
B61C 3 1792 -1536 512 1.36 1.18
B61C 2 1856 -1664 512 0.98 1.36
B61C 0 1728 -2048 512 4.4 0.89
B61C 3 1664 -2240 512 5.2 1.27
B61C 0 1728 -2496 512 3.16 1.11
B61C 0 1600 -2688 512 4.89 1.24
B61C 0 1536 -2880 512 1.9 0.5
B61C 3 1280 -2880 512 1.15 1.04
B61C 1 1536 -3008 512 5.31 1.38
B61C 3 1600 -3200 512 0.3 0.97
B61C 1 1600 -3584 512 2.29 0.58
B61C 1 1600 -3648 512 1.45 0.72
B61C 1 1472 -3776 512 1.83 1.38
B61C 0 1216 -3904 512 5.9 0.88
B61C 3 896 -4032 512 2.65 1.3
B61C 0 896 -4224 512 4.61 1.15
B61C 2 768 -4480 512 1.52 0.84
B61C 2 640 -4672 512 3.26 1.25
B61C 1 576 -4736 512 3.58 1.45
B61C 1 448 -4800 512 2.44 0.67
B61C 0 512 -5120 512 5.15 1.17
B61C 1 320 -5248 512 1.15 0.7
B61C 2 128 -5376 512 5.1 1.5
B61C 1 -64 -5568 512 0.98 1.05
B61C 2 -192 -5824 512 2.57 1.49
B61C 0 -192 -5888 512 5.04 1.29
B61C 2 -256 -5952 512 5.36 1.1
B61C 3 -384 -6016 512 5.29 0.93
B61C 2 -1088 -5952 512 0.16 0.91
B61C 2 -1024 -5824 512 4.22 1.3
B61C 0 -384 -5824 512 4.99 1.36
B61C 1 -640 -5824 512 4.99 0.71
B61C 0 -6016 -4864 512 4.99 1.06
B61C 1 -6016 -4864 512 0.19 1.43
B61C 3 -5952 -4864 512 3.65 0.72
B61C 0 -5888 -4864 512 1.94 0.58
B61C 0 -5888 -4864 512 3.49 1.2
B61C 0 -5824 -4864 512 4.92 0.57
B61C 0 -5824 -4864 512 4.82 1.18
B61C 1 -5760 -4864 512 4.26 1.21
B61C 0 -5696 -4864 512 6.16 0.57
B61C 2 -5696 -4864 512 4.87 0.97
B61C 1 -5632 -4864 512 5.65 1.15
B61C 1 -5632 -4864 512 2.46 1.01
B61C 2 -5568 -4864 512 0.79 1.0
B61C 2 -5568 -4864 512 0.58 1.21
B61C 2 -5504 -4864 512 0.16 1.27
B61C 2 -5504 -4864 512 5.43 1.07
B61C 3 -5440 -4864 512 5.86 0.69
B61C 0 -5376 -4864 512 2.02 1.41
B61C 2 -5376 -4864 512 2.53 0.5
B61C 0 -5312 -4864 512 1.52 0.73
B61C 1 -5248 -4864 512 1.41 1.33
B61C 0 -5248 -4864 512 0.7 0.93
B61C 1 -5248 -4864 512 0.28 1.35
B61C 2 -5184 -4864 512 3.89 1.36
B61C 2 -5184 -4864 512 1.66 1.29
B61C 1 -5120 -4864 512 1.13 0.68
B61C 2 -5056 -4864 512 2.01 0.96
B61C 1 -5056 -4864 512 0.51 0.56
B61C 0 -4992 -4864 512 4.54 0.61
B61C 0 -4992 -4864 512 1.01 1.03
B61C 1 -4928 -4864 512 2.37 0.69
B61C 0 -4864 -4864 512 1.1 1.15
B61C 3 -4800 -4928 512 6.14 0.95
B61C 2 -4800 -4928 512 0.63 0.6
B61C 0 -4736 -4928 512 3.6 0.74
B61C 2 -4736 -4928 512 5.76 0.55
B61C 0 -4736 -4992 512 1.41 1.17
B61C 2 -4736 -5056 512 6.21 1.14
B61C 1 -4736 -5120 512 3.94 0.53
B61C 0 -4672 -5248 512 5.67 0.76
B61C 1 -4672 -5312 512 2.39 1.46
B61C 3 -4672 -5376 512 0.77 0.75
B61C 2 -4672 -5376 512 4.83 1.16
B61C 3 -4672 -5440 512 4.07 0.76
B61C 1 -4736 -5504 512 1.43 0.81
B61C 2 -4736 -5504 512 4.24 0.55
B61C 0 -4736 -5568 512 3.16 0.96
B61C 0 -4736 -5568 512 4.54 1.47
B61C 1 -4736 -5568 512 4.8 0.8
B61C 1 -4736 -5632 512 2.91 0.82
B61C 3 -4736 -5696 512 0.1 1.29
B61C 1 -4736 -5696 512 6.02 0.9
B61C 1 -4736 -5760 512 2.09 0.64
B61C 2 -4736 -5760 512 1.55 1.49
B61C 0 -4736 -5760 512 1.45 0.65
B61C 3 -4736 -5824 512 5.5 0.89
B61C 1 -4672 -5824 512 6.06 0.51
B61C 2 -4672 -5888 512 0.99 1.19
B61C 0 -4672 -5888 512 0.42 1.34
B61C 3 -5184 -3648 512 0.98 0.56
B61C 1 -5248 -3648 512 0.91 0.76
B61C 0 -5312 -3648 512 2.5 0.77
B61C 3 -5376 -3648 512 3.61 0.53
B61C 3 -5376 -3648 512 6.21 0.89
B61C 0 -5440 -3648 512 2.76 0.9
B61C 1 -5504 -3648 512 5.65 1.39
B61C 0 -5504 -3648 512 0.99 1.4
B61C 0 -5568 -3648 512 5.97 1.47
B61C 0 -5632 -3648 512 4.97 0.78
B61C 2 -5696 -3648 512 0.47 1.4
B61C 0 -5760 -3648 512 5.53 0.61
B61C 0 -5760 -3648 512 3.12 0.77
B61C 0 -5824 -3648 512 2.84 0.74
B61C 1 -5888 -3648 512 5.39 0.8
B61C 3 -5888 -3648 512 1.68 1.32
B61C 2 -5952 -3648 512 2.83 0.62
B61C 2 -5952 -3648 512 5.11 0.85
B61C 3 -6016 -3648 512 2.57 0.52
B61C 2 -6080 -3648 512 0.58 1.08
B61C 3 -6080 -3648 512 3.26 1.06
B61C 1 -5056 -3648 512 4.45 0.77
B61C 0 -4992 -3648 512 0.96 1.33
B61C 3 -4928 -3648 512 1.75 0.79
B61C 2 -4992 -3648 512 1.64 0.84
B61C 1 -5120 -3648 512 0.45 0.72
B61C 1 -6016 -4864 512 5.65 0.82
B61C 0 -6080 -4864 512 5.93 0.96
B61C 3 -6080 -4864 512 4.83 1.07
B61C 2 -6016 -4864 512 0.21 1.27
B61C 2 -5888 -4864 512 2.91 1.16
B61C 0 -5760 -4864 512 0.47 1.24
B61C 0 -5632 -4864 512 2.2 0.66
B61C 0 -5568 -4864 512 0.33 1.48
B61C 1 -4800 -3584 512 0.1 0.65
B61C 2 -4800 -3584 512 3.89 0.79
B61C 0 -4800 -3520 512 6.14 0.53
B61C 3 -4800 -3520 512 1.97 1.16
B61C 1 -4800 -3456 512 3.02 0.79
B61C 3 -4800 -3392 512 4.68 0.51
B61C 1 -4864 -3392 512 1.24 1.23
B61C 3 -4864 -3328 512 0.17 0.89
B61C 2 -4864 -3328 512 4.4 1.4
B61C 2 -4864 -3328 512 6.27 0.98
B61C 1 -4928 -3264 512 2.32 1.01
B61C 2 -4992 -3264 512 1.73 1.38
B61C 2 -4864 -3392 512 4.24 1.4
B61C 3 -4864 -3456 512 4.35 1.38
B61C 1 -4864 -3520 512 4.78 1.35
B61C 3 -4864 -3584 512 1.52 0.59
B61C 2 -4864 -3584 512 2.16 1.01
B61C 3 -4928 -3648 512 4.43 0.78
B61C 3 5824 2816 512 4.26 0.66
B61C 3 5824 2816 512 6.21 1.18
B61C 1 5824 2816 512 0.38 0.92
B61C 2 5824 2816 512 2.46 0.9
B61C 3 5888 2816 512 0.75 1.17
B61C 1 5888 2816 512 1.29 1.03
B61C 2 5888 2816 512 3.02 0.76
B61C 3 5952 2816 512 0.7 0.97
B61C 3 6016 2816 512 4.29 0.85
B61C 2 6080 2816 512 6.27 1.03
B61C 2 6080 2816 512 4.36 0.66
B61C 2 5760 2304 512 1.99 0.68
B61C 0 5824 2304 512 2.6 1.1
B61C 3 5888 2304 512 0.42 0.96
B61C 3 5888 2304 512 0.24 1.35
B61C 0 5952 2304 512 1.1 1.29
B61C 0 6016 2304 512 3.3 1.42
B61C 1 6080 2304 512 2.72 1.05
B61C 3 4544 2816 512 5.5 1.39
B61C 1 5248 3072 512 0.98 0.7
B61C 0 5248 3008 512 0.05 0.97
B61C 3 5248 2944 512 0.63 0.73
B61C 3 5248 2880 512 5.45 0.85
B61C 0 5184 2880 512 0.38 1.37
B61C 1 5120 2816 512 2.3 1.19
B61C 2 5056 2816 512 3.04 0.67
B61C 1 4992 2816 512 6.18 0.97
B61C 3 4864 2816 512 5.53 1.02
B61C 3 4800 2816 512 3.02 1.07
B61C 3 4736 2816 512 3.44 1.07
B61C 1 4608 2816 512 2.64 1.2
B61C 2 4544 2816 512 4.69 0.89
B61C 2 4480 2816 512 1.76 1.19
B61C 0 4416 2752 512 4.64 0.98
B61C 3 4352 2752 512 0.35 0.94
B61C 3 4352 2688 512 6.13 1.01
B61C 2 4352 2560 512 2.91 1.33
B61C 0 4352 2496 512 3.32 0.67
B61C 3 4416 2432 512 0.91 0.64
B61C 2 4416 2368 512 5.85 1.01
B61C 0 4480 2304 512 5.55 1.2
B61C 0 4544 2304 512 3.94 1.34
B61C 2 4608 2304 512 6.14 0.7
B61C 0 4736 2304 512 6.09 0.63
B61C 2 4736 2304 512 2.48 0.77
B61C 0 4864 2304 512 3.46 0.83
B61C 0 4864 2304 512 4.28 0.99
B61C 2 4928 2304 512 3.3 0.86
B61C 1 5056 2304 512 4.1 0.72
B61C 3 5120 2304 512 4.69 0.59
B61C 0 5248 2304 512 5.39 0.73
B61C 0 5312 2304 512 5.88 0.83
B61C 2 5376 2304 512 5.17 1.21
B61C 0 5440 2304 512 1.71 1.03
B61C 0 5568 2304 512 2.23 1.14
B61C 2 5632 2304 512 0.75 1.15
B61C 3 5696 2304 512 4.05 0.58
B61C 3 5696 2304 512 1.5 0.57
B61C 1 5760 2880 512 4.9 0.71
B61C 3 5760 2944 512 4.17 1.03
B61C 3 5760 3008 512 5.53 0.84
B61C 1 5760 3008 512 6.0 0.55
B61C 1 5760 3072 512 0.42 1.4
B61C 1 5760 3072 512 2.91 0.74
B61C 1 5760 3136 512 3.35 0.92
B61C 3 5760 3200 512 0.42 1.27
B61C 3 5760 3264 512 4.78 0.65
B61C 3 5760 3328 512 2.83 0.77
B61C 2 5760 3456 512 5.55 1.44
B61C 0 5760 3456 512 3.42 1.27
B61C 3 5696 3584 512 1.69 0.53
B61C 0 5696 3584 512 3.54 1.34
B61C 1 5632 3584 512 4.75 0.72
B61C 0 5568 3584 512 5.59 1.22
B61C 0 5568 3584 512 4.92 0.79
B61C 3 5504 3584 512 3.21 1.44
B61C 3 5440 3584 512 0.16 1.24
B61C 0 5376 3584 512 2.25 0.55
B61C 2 5312 3584 512 0.59 1.36
B61C 0 5248 3008 512 2.69 1.27
B61C 2 5248 3072 512 4.97 0.92
B61C 0 5248 5504 512 3.65 0.95
B61C 0 5248 5440 512 4.85 0.73
B61C 2 5248 5376 512 0.17 0.89
B61C 3 5248 5248 512 5.15 0.82
B61C 1 5248 5184 512 4.28 1.23
B61C 0 5248 5184 512 1.43 0.97
B61C 3 5248 5120 512 0.68 0.68
B61C 3 5248 5056 512 2.5 0.76
B61C 0 5248 4992 512 1.88 0.6
B61C 3 5248 4928 512 0.37 0.78
B61C 2 5248 4864 512 4.52 1.24
B61C 1 5248 4736 512 5.57 1.32
B61C 2 5248 4736 512 4.76 0.84
B61C 2 5312 4224 512 5.24 1.26
B61C 1 5440 4224 512 5.65 0.9
B61C 1 5440 4224 512 0.89 0.91
B61C 2 5504 4224 512 0.77 0.53
B61C 1 5568 4224 512 4.35 1.11
B61C 3 5696 4224 512 1.1 1.2
B61C 1 5760 4224 512 0.14 1.46
B61C 3 5760 4288 512 6.0 0.77
B61C 1 5760 4288 512 0.58 0.83
B61C 1 5760 4352 512 5.31 1.45
B61C 0 5760 4416 512 6.09 1.47
B61C 3 5760 4480 512 3.93 1.12
B61C 1 5760 4608 512 0.52 1.43
B61C 2 5760 4608 512 1.1 1.26
B61C 1 5760 4736 512 0.26 0.59
B61C 2 5760 4800 512 5.55 0.58
B61C 3 5760 4928 512 0.89 0.58
B61C 1 5760 4992 512 3.79 0.62
B61C 2 5760 5056 512 5.25 1.19
B61C 1 5760 5056 512 5.38 1.39
B61C 1 5760 5184 512 4.54 1.34
B61C 3 5760 5184 512 3.11 1.49
B61C 0 5760 5312 512 0.31 0.58
B61C 0 5760 5376 512 5.92 0.96
B61C 0 5760 5440 512 1.05 0.88
B61C 3 5760 5504 512 0.03 0.53
B61C 3 5760 5568 512 3.25 0.61
B61C 2 5760 5632 512 5.27 1.06
B61C 2 5760 5696 512 5.01 0.7
B61C 3 5760 5760 512 0.65 1.34
B61C 1 5760 5760 512 6.02 1.24
B61C 2 5760 5824 512 0.38 1.03
B61C 3 5696 5888 512 2.78 0.84
B61C 1 5632 5888 512 1.38 1.13
B61C 3 5568 5888 512 5.38 1.37
B61C 2 5504 5888 512 1.08 0.84
B61C 0 5440 5888 512 6.04 1.04
B61C 1 5376 5888 512 3.6 0.76
B61C 1 5312 5888 512 5.32 0.87
B61C 2 5248 5824 512 0.24 0.71
B61C 0 5248 5760 512 4.08 1.06
B61C 3 5248 5504 512 5.41 1.32
B61C 1 5184 5376 512 5.38 1.25
B61C 1 5248 5248 512 0.89 0.61
B61C 0 5184 4672 512 6.07 1.24
B61C 2 5120 4672 512 5.32 0.74
B61C 2 5056 4672 512 1.83 1.11
B61C 1 5056 4672 512 3.07 0.96
B61C 1 4992 4672 512 1.26 0.8
B61C 0 4992 4736 512 2.65 0.58
B61C 3 4992 4800 512 1.43 1.38
B61C 1 4992 4864 512 0.93 0.98
B61C 1 4992 4928 512 4.0 0.76
B61C 0 4992 4992 512 0.35 0.51
B61C 0 4992 5056 512 1.43 1.12
B61C 0 4992 5120 512 2.57 0.86
B61C 0 4928 5120 512 3.68 0.6
B61C 2 4864 5120 512 4.42 1.23
B61C 2 4800 5120 512 4.36 0.74
B61C 2 4800 5120 512 3.86 0.81
B61C 1 4736 5120 512 4.8 1.34
B61C 3 4736 5120 512 3.74 1.36
B61C 1 4672 5120 512 6.25 0.64
B61C 3 4608 5120 512 5.15 0.96
B61C 1 4544 5120 512 3.6 1.28
B61C 1 4480 5120 512 2.48 0.91
B61C 3 4416 5120 512 0.99 0.7
B61C 0 4416 5184 512 5.39 0.91
B61C 0 4288 5120 512 6.14 0.75
B61C 0 4224 5120 512 4.17 1.38
B61C 1 4160 5120 512 1.78 1.07
B61C 3 4096 5120 512 3.28 1.26
B61C 0 3968 5120 512 2.51 1.46
B61C 3 3904 5120 512 2.27 0.92
B61C 1 3840 5120 512 4.57 1.35
B61C 3 3776 5120 512 3.86 0.7
B61C 3 3648 5120 512 6.23 1.44
B61C 3 3648 5120 512 1.87 0.78
B61C 0 3520 5120 512 2.06 1.49
B61C 3 3520 5120 512 4.26 0.68
B61C 0 3392 5120 512 3.87 0.52
B61C 0 3328 5120 512 0.77 0.68
B61C 1 3392 5120 512 4.35 1.28
B61C 2 3200 5120 512 5.39 0.68
B61C 2 3200 5120 512 0.51 1.22
B61C 0 3136 5120 512 0.52 0.52
B61C 0 3072 5120 512 1.76 0.73
B61C 3 3008 5120 512 5.38 0.54
B61C 0 3008 5120 512 5.71 1.23
B61C 3 2944 5120 512 2.08 0.55
B61C 2 2880 5120 512 5.03 1.41
B61C 3 2816 5120 512 1.19 1.33
B61C 2 2752 5120 512 1.88 0.92
B61C 0 2688 5120 512 2.41 1.43
B61C 0 2688 5120 512 4.0 0.63
B61C 2 2624 5120 512 1.1 0.73
B61C 3 2560 5120 512 5.17 1.09
B61C 1 2560 5120 512 3.35 0.86
B61C 2 2496 5120 512 0.09 0.9
B61C 3 2432 5120 512 0.49 0.64
B61C 3 2368 5120 512 4.26 1.45
B61C 1 2304 5120 512 2.55 1.39
B61C 1 2304 4992 512 1.9 0.91
B61C 1 2304 4928 512 4.87 1.36
B61C 2 2304 4928 512 2.6 1.17
B61C 2 2304 4928 512 1.83 1.19
B61C 2 2304 4864 512 0.65 0.82
B61C 3 2304 4800 512 4.76 0.61
B61C 3 2304 4800 512 1.92 1.37
B61C 2 2304 4736 512 1.47 0.58
B61C 0 2304 4672 512 1.59 1.15
B61C 2 2304 4672 512 2.67 1.31
B61C 0 2304 4608 512 3.61 1.42
B61C 2 2304 4480 512 4.35 0.75
B61C 1 2304 4416 512 0.59 1.13
B61C 1 2304 4352 512 2.22 0.85
B61C 3 2304 4288 512 3.93 1.11
B61C 3 2304 4224 512 5.1 1.29
B61C 2 2304 4224 512 1.34 1.41
B61C 0 2304 4160 512 0.98 0.92
B61C 3 2304 4096 512 0.82 1.21
B61C 0 2304 4096 512 2.81 0.53
B61C 2 2304 4032 512 0.52 0.99
B61C 2 2304 3968 512 5.08 0.95
B61C 0 2304 3968 512 1.38 0.82
B61C 1 2304 3904 512 0.16 1.33
B61C 1 2304 3840 512 0.45 1.06
B61C 1 2304 3776 512 5.06 0.93
B61C 2 2304 3712 512 2.81 1.35
B61C 2 2304 3648 512 5.1 0.6
B61C 3 2304 3648 512 5.11 0.78
B61C 0 2304 3520 512 6.18 1.41
B61C 0 2304 3520 512 2.41 0.59
B61C 0 2304 3456 512 2.15 1.32
B61C 1 2304 3392 512 2.37 1.35
B61C 3 2304 3392 512 2.2 0.67
B61C 3 2304 3328 512 1.66 1.26
B61C 3 2304 3200 512 4.63 1.36
B61C 1 2304 3136 512 1.05 1.41
B61C 2 2304 3072 512 5.65 0.89
B61C 2 2368 3072 512 3.42 1.09
B61C 2 2432 3072 512 4.68 0.67
B61C 0 2496 3072 512 1.97 1.21
B61C 3 2496 3072 512 2.29 0.87
B61C 3 2560 3072 512 2.29 1.48
B61C 1 2560 3072 512 3.8 1.5
B61C 0 2688 3072 512 2.62 0.97
B61C 2 2752 3072 512 1.54 1.43
B61C 3 2816 3072 512 0.26 1.48
B61C 0 2816 3072 512 3.23 0.61
B61C 1 2816 3072 512 2.37 0.87
B61C 0 2816 3136 512 5.92 0.6
B61C 2 2816 3136 512 5.27 1.25
B61C 3 2816 3200 512 0.98 1.1
B61C 0 2816 3264 512 0.65 0.75
B61C 3 2816 3264 512 4.26 1.13
B61C 0 2816 3328 512 5.55 1.28
B61C 2 2816 3392 512 5.13 1.41
B61C 1 2816 3392 512 4.56 1.31
B61C 0 2816 3456 512 3.87 0.57
B61C 3 2816 3520 512 1.05 1.22
B61C 3 2816 3584 512 5.67 1.17
B61C 2 2816 3584 512 4.03 0.97
B61C 0 2816 3648 512 1.59 1.44
B61C 2 2816 3712 512 0.68 1.03
B61C 0 2816 3776 512 1.47 0.7
B61C 2 2816 3840 512 6.14 1.22
B61C 0 2816 3904 512 4.19 0.85
B61C 0 2816 3904 512 4.19 0.62
B61C 0 2816 3968 512 5.72 0.73
B61C 1 2816 4032 512 5.11 0.93
B61C 3 2816 4096 512 4.78 1.2
B61C 0 2816 4224 512 2.76 1.34
B61C 1 2816 4288 512 1.03 1.3
B61C 0 2816 4352 512 4.94 1.34
B61C 1 2816 4416 512 0.17 1.19
B61C 0 2816 4480 512 4.57 0.66
B61C 2 2816 4544 512 6.11 1.22
B61C 3 2816 4608 512 2.32 1.12
B61C 1 2816 4608 512 6.18 0.94
B61C 3 2880 4608 512 0.42 0.52
B61C 2 2944 4608 512 1.19 0.78
B61C 1 3008 4608 512 0.7 1.08
B61C 3 3008 4608 512 4.15 0.74
B61C 1 3072 4608 512 4.07 1.22
B61C 1 3136 4608 512 2.13 0.82
B61C 3 3136 4608 512 2.06 1.24
B61C 3 3200 4608 512 0.8 1.42
B61C 1 3200 4544 512 4.61 1.26
B61C 2 3200 4480 512 1.24 0.66
B61C 2 3200 4416 512 0.61 0.63
B61C 0 3200 4352 512 5.32 1.12
B61C 1 3200 4352 512 4.03 0.7
B61C 1 3200 4288 512 2.29 1.39
B61C 0 3200 4224 512 3.49 0.51
B61C 0 3200 4160 512 1.99 1.07
B61C 2 3200 4096 512 2.04 1.41
B61C 2 3200 4096 512 2.48 0.8
B61C 3 3200 3968 512 5.85 1.1
B61C 3 3200 3968 512 4.12 0.58
B61C 2 3200 3840 512 3.07 1.29
B61C 0 3200 3776 512 2.09 0.95
B61C 2 3264 3712 512 0.96 0.85
B61C 2 3264 3712 512 0.56 1.4
B61C 1 3328 3712 512 3.04 1.4
B61C 2 3392 3712 512 1.29 1.03
B61C 2 3456 3712 512 4.71 1.16
B61C 1 3520 3712 512 0.44 1.48
B61C 2 3584 3712 512 2.57 0.8
B61C 1 3648 3712 512 5.2 1.08
B61C 1 3712 3712 512 0.26 1.49
B61C 0 3776 3648 512 3.79 0.95
B61C 0 3840 3648 512 0.8 0.57
B61C 2 3840 3648 512 1.34 1.15
B61C 1 3840 3712 512 5.32 0.5
B61C 1 3840 3584 512 0.51 0.67
B61C 3 3840 3520 512 1.75 1.46
B61C 3 3840 3456 512 4.38 1.35
B61C 3 3840 3392 512 5.52 1.3
B61C 0 3840 3328 512 4.35 1.38
B61C 0 3840 3328 512 0.79 1.21
B61C 0 3840 3264 512 0.87 0.87
B61C 3 3840 3200 512 3.04 0.81
B61C 0 3840 3136 512 2.13 1.49
B61C 1 3840 3008 512 4.75 0.63
B61C 1 3840 3008 512 2.09 0.81
B61C 0 3840 2944 512 6.04 1.34
B61C 1 3840 2880 512 4.45 1.23
B61C 2 3840 2816 512 5.85 0.69
B61C 3 3840 2752 512 4.87 0.53
B61C 1 3840 2688 512 3.84 1.36
B61C 2 3904 2560 512 5.95 1.28
B61C 2 4032 2560 512 1.99 0.7
B61C 2 4096 2560 512 3.04 1.18
B61C 0 4224 2560 512 4.35 1.48
B61C 1 4352 2560 512 5.41 0.54
B61C 3 4352 2560 512 1.31 0.82
B61C 0 4352 2624 512 5.53 1.39
B61C 1 5248 4224 512 1.61 1.14
B61C 1 5120 4224 512 1.8 1.06
B61C 1 5120 4224 512 2.93 1.14
B61C 2 5056 4224 512 1.75 1.0
B61C 3 4992 4224 512 1.59 0.61
B61C 2 4928 4224 512 5.27 0.83
B61C 0 4864 4224 512 2.16 1.18
B61C 2 4736 4224 512 1.66 0.61
B61C 0 4672 4224 512 3.26 1.02
B61C 1 4608 4224 512 0.1 1.46
B61C 2 4480 4224 512 5.08 0.98
B61C 0 4480 4224 512 3.39 0.62
B61C 3 4480 4288 512 4.5 1.45
B61C 3 4480 4288 512 1.45 0.99
B61C 3 4480 4416 512 1.31 0.65
B61C 0 4480 4480 512 3.84 0.83
B61C 2 4480 4544 512 0.65 1.18
B61C 1 4480 4608 512 3.72 0.84
B61C 3 4352 4608 512 5.62 1.26
B61C 2 4288 4608 512 3.3 0.92
B61C 2 4224 4608 512 4.28 0.85
B61C 3 4160 4608 512 0.45 1.27
B61C 3 4096 4608 512 0.59 1.45
B61C 1 4032 4608 512 0.63 0.6
B61C 3 3968 4608 512 0.47 0.73
B61C 2 3904 4608 512 5.11 1.17
B61C 2 3840 4608 512 2.65 0.91
B61C 1 3776 4608 512 0.52 1.27
B61C 1 3712 4608 512 3.19 0.61
B61C 3 3712 4480 512 1.76 0.89
B61C 1 3712 4416 512 3.32 1.36
B61C 0 3712 4352 512 2.39 1.2
B61C 3 3712 4288 512 3.96 0.62
B61C 1 3776 4288 512 0.65 1.39
B61C 0 3840 4224 512 6.18 1.18
B61C 0 3776 4224 512 2.81 0.95
B61C 3 3904 4224 512 1.45 0.73
B61C 3 3968 4224 512 4.49 1.1
B61C 3 4032 4224 512 2.18 0.59
B61C 3 4096 4224 512 2.16 0.63
B61C 3 4224 4224 512 4.29 0.99
B61C 0 4288 4224 512 2.6 0.95
B61C 1 4352 4224 512 2.18 1.11
B61C 1 4352 4160 512 5.85 1.26
B61C 3 4352 4096 512 4.52 1.3
B61C 0 4352 4032 512 5.36 1.11
B61C 2 4352 3968 512 4.92 0.98
B61C 3 4352 3840 512 0.21 0.78
B61C 0 4352 3840 512 3.4 0.92
B61C 1 4352 3712 512 5.48 0.94
B61C 1 4352 3648 512 4.66 1.31
B61C 3 4352 3648 512 3.47 1.12
B61C 3 4480 3648 512 3.26 0.53
B61C 2 4544 3648 512 0.8 0.7
B61C 2 4608 3584 512 3.23 1.36
B61C 2 4672 3584 512 1.13 0.9
B61C 2 4800 3584 512 4.83 0.96
B61C 0 4864 3584 512 4.8 1.04
B61C 2 4928 3584 512 0.47 0.8
B61C 0 4992 3584 512 1.22 0.84
B61C 1 5056 3584 512 3.32 1.18
B61C 1 5120 3584 512 4.64 0.76
B61C 1 5184 3584 512 1.34 0.91
B61C 1 5312 3584 512 3.54 0.72
B61C 0 5376 3584 512 4.73 1.47
B61C 2 4352 3776 512 0.72 1.06
B61C 2 4352 3776 512 4.08 1.09
B61C 2 4288 1600 512 5.25 0.61
B61C 3 4672 1536 512 5.67 1.1
B61C 0 4864 1792 512 0.26 0.71
B61C 0 5440 1536 512 3.63 0.7
B61C 2 5504 896 512 3.65 0.84
B61C 3 3712 64 512 4.56 1.0
B61C 0 3520 -192 512 4.12 1.34
B61C 3 3584 -256 512 3.54 1.41
B61C 0 3968 -64 512 0.35 0.87
B61C 1 3392 -2560 512 6.21 0.53
B61C 3 3456 -2880 512 1.68 1.36
B61C 0 2944 -2368 512 3.79 1.03
B61C 1 2560 -2432 512 1.36 0.57
B61C 3 3072 -2432 512 4.49 0.63
B61C 1 4096 -2432 512 4.59 0.84
B61C 1 4544 -2432 512 4.63 0.68
B61C 2 4736 -4352 512 3.82 0.54
B014 1 4416 -4736 512 0.54 1.37
B014 4 4736 -4160 512 4.68 0.66
B014 2 3392 -2688 512 0.89 1.49
B014 7 3392 -3648 512 2.29 1.09
B014 1 3200 -4288 512 3.79 1.38
B014 7 1920 -5248 512 0.16 0.75
B014 4 1792 -4800 512 2.25 0.98
B014 3 3328 -5632 512 4.94 0.55
B014 4 3776 -5632 512 2.65 0.9
B014 3 4288 -5504 512 2.84 1.36
B014 2 4736 -5440 512 0.45 0.99
B014 0 6016 -4800 512 5.03 1.1
B014 6 5696 -3776 512 1.2 0.75
B014 3 5952 -3008 512 4.59 1.18
B014 0 6080 -2240 512 2.01 1.28
B014 0 5440 -1408 512 1.45 1.28
B014 2 3712 1088 512 0.1 1.12
B014 7 3328 640 512 2.95 1.42
B014 1 3904 -256 512 5.45 0.76
B014 4 3584 0 512 1.29 1.31
B014 8 3776 -1088 512 4.24 0.87
B014 0 3520 -1728 512 2.34 0.82
B014 5 2560 -1536 512 0.59 0.54
B014 3 2432 -1728 512 0.84 1.32
B014 5 4480 -768 512 4.66 0.71
B014 8 4480 -448 512 4.1 0.8
B014 4 5504 192 512 1.76 0.88
B014 5 4992 128 512 4.29 0.83
B014 0 5504 640 512 3.93 0.96
B014 1 5440 1664 512 0.68 1.31
B014 4 4864 1920 512 3.84 0.52
B014 0 4224 1600 512 5.24 0.93
B014 0 4864 2944 512 1.87 0.65
B014 0 4416 2944 512 3.42 0.86
B014 0 5120 3008 512 1.01 1.03
B014 0 5504 3776 512 1.99 0.5
B014 0 5120 3904 512 2.64 0.72
B014 4 4736 3968 512 5.79 0.56
B014 3 4608 3712 512 5.74 1.26
B014 2 4288 4352 512 0.38 1.23
B014 2 3968 4416 512 6.16 0.89
B014 5 3136 5248 512 2.18 1.2
B014 1 2752 5312 512 3.8 0.95
B014 3 3648 5440 512 6.23 0.89
B014 0 3520 5248 512 5.6 0.57
B014 1 4352 5376 512 2.46 1.12
B014 2 4160 5312 512 3.02 0.72
B014 0 4160 5824 512 3.65 0.66
B014 2 3648 5888 512 5.74 1.37
B014 0 3008 5888 512 4.99 0.79
B014 5 4800 5888 512 0.21 0.5
B014 3 5056 5824 512 5.36 1.06
B014 2 2880 3968 512 2.37 0.63
B014 1 3008 3520 512 1.05 0.79
B014 0 3008 3200 512 2.83 0.71
B014 0 2240 3584 512 4.76 0.8
B014 6 5376 3904 512 5.88 1.47
B014 3 2752 640 512 4.45 1.06
B014 1 2688 1152 512 6.27 1.24
B014 3 3328 2240 512 5.01 1.14
B014 4 3072 2048 512 1.66 0.86
B014 4 3648 3264 512 3.02 1.36
B014 6 3264 3328 512 0.79 0.98
B014 4 2048 5312 512 2.48 1.3
B014 8 -5440 2496 512 3.42 0.78
B014 1 -4928 2880 512 2.95 1.18
B014 3 -5760 3264 512 4.59 1.02
B014 0 -5120 4608 512 3.18 0.53
B014 6 -5952 4736 512 2.53 1.38
B014 2 -5888 5760 512 4.87 1.02
B014 3 -4800 5184 512 3.56 0.98
B014 3 -4736 4736 512 2.71 0.7
B014 3 -5824 3456 512 5.65 0.76
B014 6 -5824 5440 512 0.3 1.03
B014 1 -448 -1344 512 4.0 1.25
B014 3 -1536 -2368 512 2.15 1.34
B014 5 -1344 -1792 512 2.08 0.63
B014 5 -1408 -320 512 4.08 0.61
B014 8 -1344 -960 512 1.17 0.99
B014 8 -2304 1536 512 4.92 0.51
B014 1 -2688 2176 512 2.3 0.58
B014 4 -960 2432 512 4.31 1.25
B014 5 -1536 3328 512 3.46 1.16
B014 6 -2688 3648 512 4.33 1.41
B014 3 -3264 3648 512 0.37 1.21
B014 1 -3584 3584 512 0.75 0.57
B014 5 -5568 -4608 512 1.26 0.65
B014 0 -6016 -3904 512 4.35 0.78
B014 4 -4672 -3840 512 2.48 1.4
B60T 5 5728 2720 512 0.42 1.25
B60T 4 5728 2656 512 4.31 0.61
B60T 4 5728 2592 512 3.86 0.55
B60T 6 5728 2528 512 4.01 1.29
B60T 3 5728 2464 512 4.12 0.75
B60T 1 5728 2400 512 1.55 1.06
B60T 0 5728 2336 512 6.2 0.84
B026 0 1536 5248 512 5.24 1.2
B014 7 -4544 -5824 512 1.64 0.53
B014 0 -2752 -5824 512 4.29 1.3
B014 8 -3200 -4864 512 0.14 1.4
B014 2 3520 -3136 512 3.65 0.68
B014 5 3712 -2496 512 6.23 0.54
B014 4 3392 -2496 512 4.03 1.23
B014 5 5440 -4352 512 0.05 0.71
B014 0 3776 -3136 512 4.0 0.57
B014 8 4480 -2688 512 5.06 0.87
B014 1 4800 -4992 512 5.62 0.81
B014 2 2112 -4352 512 1.87 0.59
B014 5 3072 -3712 512 4.43 0.54
B014 2 2048 -3968 512 5.92 1.49
B014 3 1856 -4416 512 1.38 0.79
B014 1 3392 -704 512 0.68 1.01
B014 4 3072 0 512 1.4 0.52
B014 1 5504 1600 512 1.48 1.44
B014 4 4352 704 512 5.45 1.25
B014 3 4352 -5184 512 2.84 1.36
B014 1 4352 -4992 512 0.54 1.37
B014 4 5504 -384 512 5.45 1.25
B014 0 5632 -64 512 2.6 0.68
WTst 7 4224 -896 512 4.71 1.05
WTst 7 4352 -896 512 4.71 1.05
WTst 7 4416 -1024 512 4.71 1.05
WTst 7 4032 -1088 512 4.71 1.05
WTst 6 5056 -704 512 4.71 0.99
WTst 6 5312 -960 512 4.71 0.99
WTst 6 5184 -832 512 4.71 0.99
WTst 6 5440 -768 512 4.71 0.99
B014 3 3008 2432 512 5.01 1.14
B014 3 3392 2560 512 5.74 1.26
B61C 3 3904 2560 512 5.17 1.16
B61C 3 3520 2368 512 5.17 1.16
B61C 3 3136 2624 512 5.17 1.16
B61C 3 3392 2432 512 5.17 1.16
B61C 3 3008 2240 512 5.17 1.16
B61C 3 3136 1984 512 5.17 1.16
B61C 3 2944 1792 512 5.17 1.16
